0 0.847426 0.898438 0.847426 0.903646 0.849265 0.90625 0.851103 0.90625 0.854779 0.911458 0.856618 0.911458 0.862132 0.919271 0.863971 0.919271 0.869485 0.927083 0.871324 0.927083 0.875 0.932292 0.876838 0.932292 0.882353 0.940104 0.884191 0.940104 0.891544 0.950521 0.891544 0.953125 0.897059 0.960938 0.897059 0.963542 0.915441 0.989583 0.917279 0.989583 0.922794 0.997396 0.928309 0.997396 0.928309 0.994792 0.926471 0.992188 0.926471 0.989583 0.924632 0.986979 0.922794 0.986979 0.900735 0.955729 0.900735 0.953125 0.884191 0.929688 0.882353 0.929688 0.878676 0.924479 0.876838 0.924479 0.869485 0.914062 0.867647 0.914062 0.863971 0.908854 0.862132 0.908854 0.856618 0.901042 0.852941 0.901042 0.851103 0.898438
0 0.125 0.794271 0.123162 0.796875 0.115809 0.796875 0.115809 0.799479 0.112132 0.804688 0.112132 0.807292 0.110294 0.809896 0.110294 0.815104 0.108456 0.817708 0.108456 0.825521 0.106618 0.828125 0.106618 0.830729 0.104779 0.833333 0.104779 0.835938 0.101103 0.841146 0.101103 0.84375 0.097426 0.848958 0.097426 0.851562 0.095588 0.854167 0.095588 0.856771 0.09375 0.859375 0.09375 0.861979 0.091912 0.864583 0.091912 0.867188 0.090074 0.869792 0.090074 0.872396 0.088235 0.875 0.088235 0.880208 0.086397 0.882812 0.086397 0.888021 0.084559 0.890625 0.084559 0.893229 0.082721 0.895833 0.082721 0.901042 0.080882 0.903646 0.080882 0.908854 0.079044 0.911458 0.079044 0.921875 0.077206 0.924479 0.077206 0.927083 0.075368 0.929688 0.075368 0.932292 0.071691 0.9375 0.071691 0.940104 0.068015 0.945312 0.068015 0.947917 0.066176 0.950521 0.066176 0.953125 0.064338 0.955729 0.064338 0.960938 0.069853 0.960938 0.069853 0.958333 0.071691 0.955729 0.071691 0.953125 0.075368 0.947917 0.075368 0.945312 0.077206 0.942708 0.077206 0.940104 0.080882 0.934896 0.080882 0.929688 0.082721 0.927083 0.082721 0.919271 0.084559 0.916667 0.084559 0.908854 0.086397 0.90625 0.086397 0.901042 0.088235 0.898438 0.088235 0.895833 0.090074 0.893229 0.090074 0.890625 0.091912 0.888021 0.091912 0.882812 0.09375 0.880208 0.09375 0.877604 0.095588 0.875 0.095588 0.872396 0.097426 0.869792 0.097426 0.867188 0.099265 0.864583 0.099265 0.861979 0.101103 0.859375 0.101103 0.856771 0.102941 0.854167 0.102941 0.851562 0.108456 0.84375 0.108456 0.841146 0.110294 0.838542 0.110294 0.835938 0.112132 0.833333 0.112132 0.825521 0.113971 0.822917 0.113971 0.817708 0.115809 0.815104 0.115809 0.8125 0.117647 0.809896 0.117647 0.807292 0.121324 0.802083 0.128676 0.802083 0.130515 0.799479 0.148897 0.799479 0.148897 0.794271
0 0.630515 0.739583 0.628676 0.742188 0.626838 0.742188 0.626838 0.744792 0.619485 0.755208 0.619485 0.757812 0.613971 0.765625 0.613971 0.773438 0.612132 0.776042 0.612132 0.78125 0.610294 0.783854 0.610294 0.789062 0.606618 0.794271 0.606618 0.796875 0.601103 0.804688 0.601103 0.807292 0.597426 0.8125 0.597426 0.815104 0.59375 0.820312 0.59375 0.822917 0.591912 0.825521 0.591912 0.828125 0.584559 0.838542 0.584559 0.84375 0.588235 0.84375 0.590074 0.841146 0.591912 0.841146 0.59375 0.838542 0.59375 0.835938 0.595588 0.833333 0.595588 0.830729 0.599265 0.825521 0.599265 0.822917 0.604779 0.815104 0.604779 0.8125 0.610294 0.804688 0.610294 0.802083 0.612132 0.799479 0.612132 0.796875 0.613971 0.794271 0.613971 0.791667 0.615809 0.789062 0.615809 0.783854 0.617647 0.78125 0.617647 0.773438 0.623162 0.765625 0.623162 0.763021 0.626838 0.757812 0.626838 0.755208 0.628676 0.752604 0.630515 0.752604 0.630515 0.75 0.634191 0.744792 0.634191 0.739583
0 0.373162 0.726562 0.373162 0.731771 0.371324 0.734375 0.371324 0.75 0.369485 0.752604 0.369485 0.783854 0.367647 0.786458 0.367647 0.796875 0.365809 0.799479 0.365809 0.804688 0.363971 0.807292 0.363971 0.825521 0.362132 0.828125 0.362132 0.833333 0.360294 0.835938 0.360294 0.84375 0.358456 0.846354 0.358456 0.848958 0.354779 0.854167 0.354779 0.856771 0.351103 0.861979 0.351103 0.864583 0.345588 0.872396 0.34375 0.872396 0.34375 0.875 0.341912 0.877604 0.332721 0.877604 0.330882 0.875 0.329044 0.875 0.327206 0.872396 0.321691 0.872396 0.319853 0.869792 0.314338 0.869792 0.3125 0.872396 0.306985 0.872396 0.305147 0.875 0.297794 0.875 0.295956 0.877604 0.292279 0.877604 0.290441 0.880208 0.288603 0.880208 0.286765 0.882812 0.28125 0.882812 0.279412 0.885417 0.277574 0.885417 0.277574 0.890625 0.284926 0.890625 0.286765 0.888021 0.290441 0.888021 0.292279 0.885417 0.294118 0.885417 0.295956 0.882812 0.299632 0.882812 0.301471 0.880208 0.308824 0.880208 0.310662 0.877604 0.319853 0.877604 0.321691 0.880208 0.327206 0.880208 0.329044 0.882812 0.349265 0.882812 0.351103 0.880208 0.352941 0.880208 0.352941 0.875 0.354779 0.872396 0.354779 0.869792 0.356618 0.867188 0.356618 0.864583 0.362132 0.856771 0.362132 0.851562 0.363971 0.848958 0.363971 0.84375 0.365809 0.841146 0.365809 0.833333 0.367647 0.830729 0.367647 0.815104 0.369485 0.8125 0.369485 0.804688 0.371324 0.802083 0.371324 0.794271 0.373162 0.791667 0.373162 0.760417 0.375 0.757812 0.375 0.742188 0.376838 0.739583 0.376838 0.726562
0 0.055147 0.721354 0.055147 0.726562 0.056985 0.729167 0.058824 0.729167 0.060662 0.731771 0.060662 0.734375 0.064338 0.739583 0.064338 0.742188 0.068015 0.747396 0.068015 0.75 0.071691 0.755208 0.073529 0.755208 0.077206 0.760417 0.079044 0.760417 0.086397 0.770833 0.088235 0.770833 0.09375 0.778646 0.099265 0.778646 0.099265 0.773438 0.095588 0.768229 0.09375 0.768229 0.086397 0.757812 0.084559 0.757812 0.079044 0.75 0.077206 0.75 0.071691 0.742188 0.071691 0.739583 0.068015 0.734375 0.068015 0.731771 0.060662 0.721354
0 0.295956 0.5625 0.295956 0.567708 0.297794 0.567708 0.299632 0.570312 0.303309 0.570312 0.305147 0.572917 0.3125 0.572917 0.314338 0.575521 0.318015 0.575521 0.319853 0.578125 0.323529 0.578125 0.329044 0.585938 0.330882 0.585938 0.332721 0.588542 0.334559 0.588542 0.338235 0.59375 0.340074 0.59375 0.341912 0.596354 0.34375 0.596354 0.345588 0.598958 0.347426 0.598958 0.349265 0.601562 0.352941 0.601562 0.354779 0.604167 0.360294 0.604167 0.362132 0.606771 0.363971 0.606771 0.365809 0.609375 0.367647 0.609375 0.376838 0.622396 0.376838 0.625 0.380515 0.630208 0.382353 0.630208 0.384191 0.632812 0.389706 0.632812 0.389706 0.627604 0.387868 0.627604 0.378676 0.614583 0.378676 0.611979 0.376838 0.609375 0.375 0.609375 0.369485 0.601562 0.365809 0.601562 0.363971 0.598958 0.360294 0.598958 0.358456 0.596354 0.354779 0.596354 0.352941 0.59375 0.349265 0.59375 0.345588 0.588542 0.34375 0.588542 0.341912 0.585938 0.340074 0.585938 0.338235 0.583333 0.336397 0.583333 0.329044 0.572917 0.323529 0.572917 0.321691 0.570312 0.318015 0.570312 0.316176 0.567708 0.310662 0.567708 0.308824 0.565104 0.303309 0.565104 0.301471 0.5625
0 0.915441 0.335938 0.915441 0.338542 0.913603 0.341146 0.913603 0.346354 0.911765 0.348958 0.911765 0.351562 0.909926 0.354167 0.909926 0.359375 0.908088 0.361979 0.908088 0.367188 0.90625 0.369792 0.90625 0.375 0.904412 0.377604 0.904412 0.382812 0.902574 0.385417 0.902574 0.390625 0.900735 0.393229 0.900735 0.395833 0.897059 0.401042 0.897059 0.416667 0.900735 0.421875 0.902574 0.421875 0.90625 0.427083 0.909926 0.427083 0.909926 0.419271 0.908088 0.419271 0.900735 0.408854 0.902574 0.40625 0.902574 0.403646 0.90625 0.398438 0.90625 0.393229 0.908088 0.390625 0.908088 0.385417 0.909926 0.382812 0.909926 0.377604 0.911765 0.375 0.911765 0.369792 0.913603 0.367188 0.913603 0.361979 0.915441 0.359375 0.915441 0.354167 0.917279 0.351562 0.917279 0.348958 0.919118 0.346354 0.919118 0.335938
0 0.952206 0.190104 0.950368 0.192708 0.948529 0.192708 0.946691 0.195312 0.944853 0.195312 0.943015 0.197917 0.939338 0.197917 0.9375 0.200521 0.935662 0.200521 0.931985 0.205729 0.930147 0.205729 0.928309 0.208333 0.928309 0.210938 0.926471 0.213542 0.926471 0.231771 0.924632 0.234375 0.924632 0.257812 0.922794 0.260417 0.922794 0.265625 0.920956 0.268229 0.920956 0.320312 0.924632 0.320312 0.924632 0.273438 0.926471 0.270833 0.926471 0.265625 0.928309 0.263021 0.928309 0.242188 0.930147 0.239583 0.930147 0.21875 0.9375 0.208333 0.939338 0.208333 0.941176 0.205729 0.943015 0.205729 0.944853 0.203125 0.946691 0.203125 0.948529 0.200521 0.952206 0.200521 0.954044 0.197917 0.955882 0.197917 0.957721 0.195312 0.959559 0.195312 0.959559 0.190104
0 0.878676 0.174479 0.878676 0.179688 0.882353 0.179688 0.884191 0.182292 0.891544 0.182292 0.895221 0.1875 0.898897 0.1875 0.902574 0.192708 0.90625 0.192708 0.908088 0.195312 0.911765 0.195312 0.913603 0.197917 0.915441 0.197917 0.917279 0.200521 0.920956 0.200521 0.920956 0.192708 0.917279 0.192708 0.915441 0.190104 0.913603 0.190104 0.911765 0.1875 0.908088 0.1875 0.904412 0.182292 0.900735 0.182292 0.898897 0.179688 0.897059 0.179688 0.895221 0.177083 0.889706 0.177083 0.887868 0.174479
0 0.525735 0.015625 0.525735 0.028646 0.523897 0.03125 0.523897 0.041667 0.522059 0.044271 0.522059 0.052083 0.520221 0.054688 0.520221 0.057292 0.518382 0.059896 0.518382 0.065104 0.516544 0.067708 0.516544 0.075521 0.514706 0.078125 0.514706 0.083333 0.512868 0.085938 0.512868 0.088542 0.511029 0.091146 0.511029 0.09375 0.509191 0.096354 0.509191 0.101562 0.507353 0.104167 0.507353 0.111979 0.505515 0.114583 0.505515 0.127604 0.503676 0.130208 0.503676 0.135417 0.501838 0.138021 0.501838 0.143229 0.5 0.145833 0.5 0.15625 0.498162 0.158854 0.498162 0.171875 0.496324 0.174479 0.496324 0.177083 0.494485 0.179688 0.494485 0.190104 0.492647 0.192708 0.492647 0.221354 0.494485 0.223958 0.494485 0.229167 0.496324 0.231771 0.496324 0.239583 0.498162 0.242188 0.498162 0.255208 0.5 0.257812 0.5 0.270833 0.498162 0.273438 0.498162 0.28125 0.496324 0.283854 0.496324 0.286458 0.485294 0.302083 0.485294 0.304688 0.477941 0.315104 0.477941 0.317708 0.470588 0.328125 0.470588 0.330729 0.46875 0.333333 0.46875 0.341146 0.472426 0.341146 0.472426 0.338542 0.474265 0.335938 0.474265 0.333333 0.487132 0.315104 0.487132 0.3125 0.498162 0.296875 0.498162 0.294271 0.501838 0.289062 0.501838 0.28125 0.503676 0.278646 0.503676 0.25 0.501838 0.247396 0.501838 0.234375 0.5 0.231771 0.5 0.226562 0.498162 0.223958 0.498162 0.216146 0.496324 0.213542 0.496324 0.197917 0.498162 0.195312 0.498162 0.1875 0.5 0.184896 0.5 0.179688 0.501838 0.177083 0.501838 0.164062 0.503676 0.161458 0.503676 0.153646 0.505515 0.151042 0.505515 0.145833 0.507353 0.143229 0.507353 0.138021 0.509191 0.135417 0.509191 0.122396 0.511029 0.119792 0.511029 0.111979 0.512868 0.109375 0.512868 0.104167 0.514706 0.101562 0.514706 0.096354 0.518382 0.091146 0.518382 0.083333 0.520221 0.080729 0.520221 0.072917 0.522059 0.070312 0.522059 0.067708 0.523897 0.065104 0.523897 0.0625 0.525735 0.059896 0.525735 0.052083 0.527574 0.049479 0.527574 0.039062 0.529412 0.036458 0.529412 0.015625
0 0.0 0.0 0.0 0.010417 0.003676 0.015625 0.003676 0.020833 0.005515 0.020833 0.012868 0.03125 0.012868 0.033854 0.014706 0.036458 0.014706 0.039062 0.020221 0.046875 0.020221 0.049479 0.022059 0.049479 0.027574 0.057292 0.029412 0.057292 0.033088 0.0625 0.034926 0.0625 0.044118 0.075521 0.045956 0.075521 0.047794 0.078125 0.047794 0.085938 0.051471 0.091146 0.051471 0.09375 0.053309 0.09375 0.055147 0.096354 0.056985 0.096354 0.058824 0.098958 0.058824 0.101562 0.060662 0.101562 0.064338 0.106771 0.066176 0.106771 0.071691 0.114583 0.075368 0.114583 0.077206 0.117188 0.077206 0.122396 0.080882 0.127604 0.080882 0.130208 0.084559 0.135417 0.086397 0.135417 0.088235 0.138021 0.088235 0.140625 0.090074 0.143229 0.090074 0.145833 0.091912 0.145833 0.095588 0.151042 0.095588 0.153646 0.097426 0.15625 0.097426 0.169271 0.099265 0.171875 0.101103 0.171875 0.102941 0.174479 0.102941 0.177083 0.104779 0.177083 0.108456 0.182292 0.108456 0.1875 0.110294 0.190104 0.110294 0.195312 0.113971 0.200521 0.113971 0.203125 0.115809 0.203125 0.119485 0.208333 0.119485 0.21875 0.125 0.226562 0.128676 0.226562 0.132353 0.231771 0.137868 0.231771 0.139706 0.234375 0.143382 0.234375 0.148897 0.242188 0.154412 0.242188 0.158088 0.247396 0.158088 0.25 0.161765 0.25 0.163603 0.252604 0.163603 0.257812 0.165441 0.257812 0.167279 0.260417 0.167279 0.265625 0.170956 0.270833 0.170956 0.276042 0.172794 0.278646 0.172794 0.294271 0.174632 0.296875 0.174632 0.302083 0.178309 0.307292 0.181985 0.307292 0.183824 0.309896 0.189338 0.309896 0.191176 0.3125 0.200368 0.3125 0.202206 0.315104 0.204044 0.315104 0.207721 0.320312 0.213235 0.320312 0.220588 0.330729 0.220588 0.333333 0.222426 0.335938 0.222426 0.338542 0.226103 0.34375 0.229779 0.34375 0.231618 0.346354 0.233456 0.346354 0.235294 0.348958 0.235294 0.356771 0.238971 0.361979 0.240809 0.361979 0.244485 0.367188 0.248162 0.367188 0.25 0.369792 0.253676 0.369792 0.257353 0.375 0.262868 0.375 0.264706 0.377604 0.266544 0.377604 0.268382 0.380208 0.270221 0.380208 0.272059 0.382812 0.273897 0.382812 0.275735 0.385417 0.286765 0.385417 0.288603 0.388021 0.290441 0.388021 0.292279 0.390625 0.299632 0.390625 0.301471 0.393229 0.3125 0.393229 0.314338 0.395833 0.319853 0.395833 0.321691 0.398438 0.330882 0.398438 0.332721 0.401042 0.340074 0.401042 0.341912 0.403646 0.367647 0.403646 0.369485 0.40625 0.375 0.40625 0.376838 0.408854 0.386029 0.408854 0.387868 0.411458 0.393382 0.411458 0.395221 0.414062 0.398897 0.414062 0.400735 0.416667 0.40625 0.416667 0.411765 0.424479 0.420956 0.424479 0.422794 0.427083 0.431985 0.427083 0.433824 0.429688 0.435662 0.429688 0.439338 0.434896 0.443015 0.434896 0.444853 0.4375 0.446691 0.4375 0.454044 0.447917 0.454044 0.450521 0.457721 0.450521 0.459559 0.453125 0.459559 0.455729 0.461397 0.458333 0.461397 0.460938 0.463235 0.463542 0.465074 0.463542 0.46875 0.46875 0.46875 0.476562 0.470588 0.479167 0.472426 0.479167 0.476103 0.484375 0.476103 0.492188 0.477941 0.494792 0.477941 0.502604 0.474265 0.507812 0.474265 0.523438 0.476103 0.526042 0.476103 0.539062 0.477941 0.541667 0.477941 0.544271 0.479779 0.546875 0.479779 0.557292 0.477941 0.559896 0.477941 0.565104 0.476103 0.567708 0.474265 0.567708 0.472426 0.570312 0.472426 0.585938 0.481618 0.585938 0.485294 0.591146 0.485294 0.59375 0.487132 0.596354 0.488971 0.596354 0.490809 0.598958 0.492647 0.598958 0.494485 0.601562 0.494485 0.604167 0.496324 0.606771 0.498162 0.606771 0.5 0.609375 0.501838 0.609375 0.507353 0.617188 0.507353 0.619792 0.511029 0.625 0.514706 0.625 0.516544 0.627604 0.533088 0.627604 0.534926 0.630208 0.536765 0.630208 0.540441 0.635417 0.540441 0.638021 0.542279 0.638021 0.545956 0.643229 0.545956 0.645833 0.547794 0.648438 0.547794 0.653646 0.553309 0.653646 0.555147 0.65625 0.556985 0.65625 0.558824 0.658854 0.558824 0.664062 0.564338 0.664062 0.566176 0.666667 0.568015 0.666667 0.571691 0.671875 0.573529 0.671875 0.575368 0.674479 0.580882 0.674479 0.582721 0.677083 0.588235 0.677083 0.591912 0.682292 0.597426 0.682292 0.604779 0.692708 0.604779 0.697917 0.612132 0.708333 0.613971 0.708333 0.615809 0.710938 0.617647 0.710938 0.619485 0.713542 0.621324 0.713542 0.623162 0.716146 0.625 0.716146 0.628676 0.721354 0.630515 0.721354 0.632353 0.723958 0.632353 0.726562 0.634191 0.726562 0.636029 0.729167 0.636029 0.731771 0.639706 0.731771 0.641544 0.734375 0.645221 0.734375 0.647059 0.736979 0.663603 0.736979 0.665441 0.739583 0.676471 0.739583 0.678309 0.742188 0.680147 0.742188 0.681985 0.744792 0.700368 0.744792 0.702206 0.747396 0.702206 0.75 0.704044 0.752604 0.705882 0.752604 0.707721 0.755208 0.711397 0.755208 0.713235 0.757812 0.720588 0.757812 0.722426 0.760417 0.731618 0.760417 0.735294 0.765625 0.737132 0.765625 0.742647 0.773438 0.744485 0.773438 0.748162 0.778646 0.75 0.778646 0.753676 0.783854 0.755515 0.783854 0.757353 0.786458 0.759191 0.786458 0.762868 0.791667 0.762868 0.794271 0.768382 0.794271 0.770221 0.796875 0.772059 0.796875 0.773897 0.799479 0.783088 0.799479 0.784926 0.802083 0.786765 0.802083 0.788603 0.804688 0.795956 0.804688 0.797794 0.807292 0.801471 0.807292 0.803309 0.809896 0.805147 0.809896 0.806985 0.8125 0.808824 0.8125 0.810662 0.815104 0.8125 0.815104 0.814338 0.817708 0.818015 0.817708 0.821691 0.822917 0.823529 0.822917 0.825368 0.825521 0.830882 0.825521 0.832721 0.828125 0.838235 0.828125 0.840074 0.830729 0.845588 0.830729 0.849265 0.835938 0.863971 0.835938 0.865809 0.838542 0.869485 0.838542 0.871324 0.841146 0.873162 0.841146 0.875 0.84375 0.875 0.846354 0.878676 0.846354 0.880515 0.848958 0.884191 0.848958 0.887868 0.854167 0.889706 0.854167 0.893382 0.859375 0.900735 0.859375 0.904412 0.864583 0.90625 0.864583 0.908088 0.867188 0.911765 0.867188 0.913603 0.869792 0.915441 0.869792 0.917279 0.872396 0.931985 0.872396 0.935662 0.877604 0.9375 0.877604 0.939338 0.880208 0.941176 0.880208 0.946691 0.888021 0.948529 0.888021 0.950368 0.890625 0.950368 0.893229 0.952206 0.895833 0.954044 0.895833 0.961397 0.90625 0.966912 0.90625 0.970588 0.911458 0.972426 0.911458 0.976103 0.916667 0.976103 0.919271 0.981618 0.927083 0.981618 0.929688 0.987132 0.9375 0.988971 0.9375 0.994485 0.945312 0.998162 0.945312 0.998162 0.919271 0.990809 0.908854 0.990809 0.90625 0.988971 0.903646 0.987132 0.903646 0.981618 0.895833 0.979779 0.895833 0.976103 0.890625 0.972426 0.890625 0.966912 0.882812 0.965074 0.882812 0.959559 0.875 0.959559 0.872396 0.955882 0.867188 0.954044 0.867188 0.944853 0.854167 0.9375 0.854167 0.935662 0.856771 0.933824 0.854167 0.922794 0.854167 0.919118 0.848958 0.915441 0.848958 0.911765 0.84375 0.908088 0.84375 0.902574 0.835938 0.897059 0.835938 0.893382 0.830729 0.889706 0.830729 0.887868 0.828125 0.886029 0.828125 0.880515 0.820312 0.875 0.820312 0.871324 0.815104 0.869485 0.815104 0.867647 0.8125 0.865809 0.8125 0.863971 0.809896 0.863971 0.807292 0.862132 0.804688 0.860294 0.804688 0.858456 0.802083 0.858456 0.796875 0.856618 0.794271 0.856618 0.789062 0.854779 0.786458 0.851103 0.786458 0.849265 0.783854 0.834559 0.783854 0.832721 0.786458 0.830882 0.783854 0.830882 0.78125 0.829044 0.778646 0.827206 0.778646 0.825368 0.776042 0.8125 0.776042 0.8125 0.778646 0.810662 0.78125 0.808824 0.78125 0.806985 0.783854 0.805147 0.783854 0.803309 0.786458 0.801471 0.786458 0.799632 0.789062 0.794118 0.789062 0.792279 0.786458 0.788603 0.786458 0.786765 0.783854 0.786765 0.78125 0.783088 0.78125 0.78125 0.778646 0.773897 0.778646 0.768382 0.770833 0.768382 0.768229 0.766544 0.765625 0.764706 0.765625 0.762868 0.763021 0.761029 0.763021 0.759191 0.760417 0.755515 0.760417 0.751838 0.755208 0.75 0.755208 0.746324 0.75 0.742647 0.75 0.740809 0.747396 0.738971 0.747396 0.737132 0.744792 0.737132 0.742188 0.735294 0.739583 0.735294 0.736979 0.733456 0.736979 0.729779 0.731771 0.71875 0.731771 0.716912 0.729167 0.713235 0.729167 0.709559 0.723958 0.707721 0.723958 0.698529 0.710938 0.698529 0.708333 0.696691 0.708333 0.694853 0.705729 0.694853 0.703125 0.693015 0.700521 0.691176 0.700521 0.689338 0.697917 0.680147 0.697917 0.678309 0.695312 0.676471 0.695312 0.672794 0.690104 0.672794 0.6875 0.669118 0.682292 0.667279 0.682292 0.665441 0.679688 0.645221 0.679688 0.643382 0.682292 0.630515 0.682292 0.628676 0.679688 0.626838 0.679688 0.625 0.677083 0.623162 0.677083 0.621324 0.674479 0.619485 0.674479 0.615809 0.669271 0.608456 0.669271 0.606618 0.666667 0.602941 0.666667 0.601103 0.664062 0.599265 0.664062 0.597426 0.661458 0.591912 0.661458 0.590074 0.658854 0.584559 0.658854 0.575368 0.645833 0.569853 0.645833 0.568015 0.643229 0.566176 0.643229 0.564338 0.640625 0.564338 0.638021 0.5625 0.635417 0.5625 0.622396 0.560662 0.619792 0.549632 0.619792 0.545956 0.614583 0.545956 0.611979 0.540441 0.611979 0.538603 0.609375 0.53125 0.609375 0.529412 0.611979 0.523897 0.604167 0.523897 0.601562 0.522059 0.601562 0.520221 0.598958 0.518382 0.598958 0.516544 0.596354 0.516544 0.59375 0.507353 0.580729 0.507353 0.575521 0.505515 0.575521 0.503676 0.572917 0.503676 0.570312 0.501838 0.570312 0.5 0.567708 0.498162 0.567708 0.496324 0.565104 0.496324 0.559896 0.490809 0.552083 0.490809 0.53125 0.488971 0.528646 0.488971 0.502604 0.490809 0.5 0.490809 0.489583 0.488971 0.486979 0.488971 0.476562 0.487132 0.473958 0.487132 0.46875 0.485294 0.466146 0.485294 0.463542 0.479779 0.455729 0.479779 0.450521 0.477941 0.450521 0.461397 0.427083 0.461397 0.424479 0.459559 0.424479 0.457721 0.421875 0.454044 0.421875 0.452206 0.419271 0.452206 0.416667 0.443015 0.416667 0.441176 0.414062 0.441176 0.411458 0.439338 0.411458 0.4375 0.408854 0.4375 0.40625 0.435662 0.40625 0.433824 0.403646 0.426471 0.403646 0.424632 0.40625 0.420956 0.40625 0.419118 0.403646 0.417279 0.403646 0.415441 0.401042 0.413603 0.401042 0.409926 0.395833 0.402574 0.395833 0.400735 0.393229 0.391544 0.393229 0.389706 0.390625 0.382353 0.390625 0.380515 0.388021 0.371324 0.388021 0.369485 0.385417 0.360294 0.385417 0.358456 0.388021 0.354779 0.388021 0.352941 0.385417 0.347426 0.385417 0.345588 0.382812 0.338235 0.382812 0.336397 0.380208 0.332721 0.380208 0.330882 0.377604 0.327206 0.377604 0.323529 0.372396 0.323529 0.369792 0.316176 0.369792 0.314338 0.367188 0.306985 0.367188 0.305147 0.364583 0.295956 0.364583 0.294118 0.361979 0.277574 0.361979 0.273897 0.356771 0.270221 0.356771 0.268382 0.354167 0.264706 0.354167 0.259191 0.346354 0.259191 0.34375 0.257353 0.34375 0.251838 0.335938 0.25 0.335938 0.246324 0.330729 0.246324 0.328125 0.242647 0.328125 0.240809 0.325521 0.240809 0.322917 0.238971 0.322917 0.237132 0.320312 0.237132 0.317708 0.235294 0.315104 0.235294 0.307292 0.231618 0.302083 0.231618 0.299479 0.229779 0.296875 0.222426 0.296875 0.220588 0.299479 0.21875 0.299479 0.216912 0.296875 0.216912 0.294271 0.215074 0.291667 0.213235 0.291667 0.211397 0.289062 0.209559 0.289062 0.207721 0.286458 0.207721 0.276042 0.202206 0.276042 0.200368 0.273438 0.200368 0.270833 0.198529 0.270833 0.196691 0.268229 0.196691 0.263021 0.194853 0.260417 0.193015 0.260417 0.191176 0.257812 0.189338 0.257812 0.185662 0.252604 0.185662 0.25 0.181985 0.25 0.174632 0.239583 0.174632 0.229167 0.172794 0.229167 0.169118 0.223958 0.167279 0.223958 0.165441 0.221354 0.159926 0.221354 0.158088 0.21875 0.158088 0.216146 0.15625 0.216146 0.154412 0.213542 0.150735 0.213542 0.147059 0.208333 0.145221 0.208333 0.136029 0.195312 0.134191 0.195312 0.132353 0.192708 0.132353 0.190104 0.130515 0.1875 0.128676 0.1875 0.126838 0.184896 0.126838 0.182292 0.121324 0.174479 0.121324 0.171875 0.119485 0.169271 0.119485 0.158854 0.117647 0.158854 0.112132 0.151042 0.112132 0.143229 0.108456 0.138021 0.108456 0.135417 0.106618 0.132812 0.104779 0.132812 0.102941 0.130208 0.102941 0.127604 0.101103 0.125 0.101103 0.122396 0.097426 0.117188 0.097426 0.114583 0.086397 0.098958 0.084559 0.098958 0.080882 0.09375 0.080882 0.088542 0.079044 0.088542 0.068015 0.072917 0.064338 0.072917 0.0625 0.070312 0.0625 0.067708 0.058824 0.0625 0.058824 0.059896 0.056985 0.057292 0.055147 0.057292 0.045956 0.044271 0.042279 0.044271 0.038603 0.039062 0.038603 0.036458 0.034926 0.03125 0.034926 0.028646 0.033088 0.028646 0.027574 0.020833 0.027574 0.018229 0.023897 0.013021 0.023897 0.010417 0.022059 0.007812 0.022059 0.002604 0.020221 0.0
