0 0.025735 0.575521 0.023897 0.578125 0.022059 0.578125 0.022059 0.580729 0.020221 0.583333 0.018382 0.583333 0.014706 0.588542 0.011029 0.588542 0.011029 0.591146 0.009191 0.59375 0.007353 0.59375 0.005515 0.596354 0.005515 0.598958 0.003676 0.601562 0.001838 0.601562 0.0 0.604167 0.0 0.619792 0.003676 0.619792 0.005515 0.617188 0.009191 0.617188 0.009191 0.614583 0.012868 0.609375 0.012868 0.606771 0.014706 0.604167 0.016544 0.604167 0.018382 0.601562 0.020221 0.601562 0.022059 0.598958 0.025735 0.598958 0.025735 0.596354 0.029412 0.591146 0.03125 0.591146 0.033088 0.588542 0.036765 0.588542 0.036765 0.575521
0 0.920956 0.494792 0.919118 0.497396 0.917279 0.497396 0.917279 0.5 0.915441 0.502604 0.911765 0.502604 0.911765 0.505208 0.909926 0.507812 0.909926 0.520833 0.917279 0.520833 0.920956 0.515625 0.920956 0.513021 0.922794 0.510417 0.926471 0.510417 0.928309 0.507812 0.9375 0.507812 0.939338 0.510417 0.946691 0.510417 0.946691 0.494792
0 0.858456 0.494792 0.856618 0.497396 0.856618 0.505208 0.858456 0.507812 0.858456 0.510417 0.860294 0.510417 0.862132 0.513021 0.862132 0.515625 0.863971 0.515625 0.865809 0.518229 0.867647 0.518229 0.871324 0.523438 0.871324 0.526042 0.875 0.53125 0.875 0.546875 0.882353 0.546875 0.884191 0.544271 0.893382 0.544271 0.893382 0.53125 0.884191 0.53125 0.882353 0.528646 0.882353 0.515625 0.878676 0.510417 0.878676 0.507812 0.876838 0.505208 0.875 0.505208 0.873162 0.502604 0.871324 0.502604 0.865809 0.494792
0 0.965074 0.46875 0.963235 0.471354 0.963235 0.481771 0.965074 0.484375 0.966912 0.484375 0.96875 0.486979 0.96875 0.489583 0.972426 0.494792 0.972426 0.497396 0.974265 0.5 0.976103 0.5 0.979779 0.505208 0.979779 0.507812 0.981618 0.507812 0.983456 0.510417 0.983456 0.526042 0.985294 0.528646 0.987132 0.528646 0.988971 0.53125 0.988971 0.533854 0.994485 0.541667 0.994485 0.544271 0.998162 0.544271 0.998162 0.515625 0.996324 0.513021 0.996324 0.507812 0.992647 0.502604 0.992647 0.5 0.972426 0.471354 0.972426 0.46875
0 0.584559 0.447917 0.584559 0.460938 0.586397 0.460938 0.591912 0.46875 0.591912 0.471354 0.59375 0.473958 0.597426 0.473958 0.599265 0.476562 0.599265 0.479167 0.610294 0.479167 0.613971 0.484375 0.613971 0.489583 0.615809 0.492188 0.615809 0.494792 0.617647 0.497396 0.617647 0.5 0.634191 0.5 0.636029 0.497396 0.636029 0.494792 0.637868 0.492188 0.641544 0.492188 0.643382 0.489583 0.645221 0.489583 0.645221 0.486979 0.647059 0.484375 0.652574 0.484375 0.654412 0.481771 0.65625 0.484375 0.658088 0.484375 0.659926 0.486979 0.659926 0.492188 0.661765 0.492188 0.663603 0.494792 0.663603 0.497396 0.672794 0.497396 0.672794 0.494792 0.674632 0.492188 0.676471 0.492188 0.678309 0.489583 0.678309 0.486979 0.681985 0.481771 0.693015 0.481771 0.696691 0.486979 0.696691 0.489583 0.698529 0.489583 0.702206 0.494792 0.702206 0.497396 0.71875 0.497396 0.71875 0.494792 0.720588 0.492188 0.733456 0.492188 0.735294 0.489583 0.738971 0.489583 0.738971 0.486979 0.740809 0.484375 0.744485 0.484375 0.746324 0.481771 0.753676 0.481771 0.755515 0.479167 0.759191 0.479167 0.759191 0.476562 0.761029 0.473958 0.761029 0.463542 0.759191 0.460938 0.753676 0.460938 0.75 0.466146 0.748162 0.466146 0.746324 0.46875 0.740809 0.46875 0.737132 0.473958 0.733456 0.473958 0.731618 0.476562 0.727941 0.476562 0.726103 0.479167 0.715074 0.479167 0.711397 0.484375 0.709559 0.481771 0.709559 0.479167 0.707721 0.479167 0.700368 0.46875 0.694853 0.46875 0.693015 0.466146 0.678309 0.466146 0.669118 0.479167 0.665441 0.473958 0.665441 0.471354 0.663603 0.46875 0.647059 0.46875 0.643382 0.473958 0.637868 0.473958 0.634191 0.479167 0.630515 0.479167 0.630515 0.481771 0.626838 0.486979 0.619485 0.476562 0.619485 0.471354 0.617647 0.46875 0.617647 0.466146 0.608456 0.466146 0.604779 0.460938 0.602941 0.460938 0.601103 0.458333 0.599265 0.458333 0.597426 0.455729 0.597426 0.453125 0.59375 0.447917
0 0.78125 0.432292 0.779412 0.434896 0.779412 0.445312 0.78125 0.447917 0.783088 0.447917 0.784926 0.450521 0.784926 0.453125 0.788603 0.458333 0.788603 0.460938 0.818015 0.460938 0.819853 0.463542 0.821691 0.463542 0.825368 0.46875 0.825368 0.471354 0.827206 0.473958 0.827206 0.479167 0.829044 0.481771 0.829044 0.484375 0.830882 0.486979 0.830882 0.489583 0.832721 0.489583 0.834559 0.492188 0.840074 0.492188 0.841912 0.494792 0.841912 0.497396 0.84375 0.497396 0.845588 0.5 0.852941 0.5 0.852941 0.486979 0.851103 0.484375 0.851103 0.481771 0.849265 0.479167 0.84375 0.479167 0.841912 0.476562 0.840074 0.476562 0.838235 0.473958 0.838235 0.471354 0.836397 0.46875 0.836397 0.463542 0.830882 0.455729 0.830882 0.453125 0.827206 0.447917 0.799632 0.447917 0.797794 0.445312 0.795956 0.445312 0.788603 0.434896 0.788603 0.432292
0 0.538603 0.393229 0.538603 0.40625 0.540441 0.408854 0.542279 0.408854 0.544118 0.411458 0.547794 0.411458 0.549632 0.414062 0.549632 0.416667 0.560662 0.416667 0.5625 0.419271 0.564338 0.419271 0.566176 0.421875 0.566176 0.424479 0.568015 0.427083 0.569853 0.427083 0.573529 0.432292 0.573529 0.434896 0.582721 0.434896 0.582721 0.421875 0.580882 0.421875 0.577206 0.416667 0.577206 0.414062 0.575368 0.411458 0.575368 0.408854 0.571691 0.408854 0.568015 0.403646 0.555147 0.403646 0.551471 0.398438 0.551471 0.395833 0.549632 0.395833 0.547794 0.393229
0 0.09375 0.385417 0.091912 0.388021 0.091912 0.390625 0.090074 0.393229 0.088235 0.393229 0.086397 0.395833 0.086397 0.398438 0.084559 0.401042 0.084559 0.403646 0.077206 0.414062 0.071691 0.414062 0.068015 0.419271 0.066176 0.419271 0.064338 0.421875 0.064338 0.424479 0.0625 0.427083 0.0625 0.429688 0.060662 0.432292 0.060662 0.434896 0.056985 0.440104 0.056985 0.442708 0.055147 0.445312 0.055147 0.447917 0.053309 0.450521 0.053309 0.455729 0.049632 0.460938 0.049632 0.463542 0.042279 0.473958 0.038603 0.473958 0.038603 0.484375 0.051471 0.484375 0.055147 0.479167 0.055147 0.476562 0.056985 0.473958 0.056985 0.46875 0.0625 0.460938 0.0625 0.455729 0.064338 0.453125 0.064338 0.450521 0.066176 0.447917 0.066176 0.445312 0.068015 0.442708 0.068015 0.440104 0.071691 0.434896 0.077206 0.434896 0.077206 0.432292 0.080882 0.427083 0.084559 0.427083 0.086397 0.424479 0.086397 0.421875 0.088235 0.419271 0.090074 0.419271 0.091912 0.416667 0.091912 0.414062 0.09375 0.411458 0.095588 0.411458 0.095588 0.408854 0.097426 0.40625 0.097426 0.403646 0.101103 0.398438 0.101103 0.385417
0 0.139706 0.364583 0.139706 0.372396 0.141544 0.375 0.141544 0.377604 0.139706 0.380208 0.137868 0.377604 0.136029 0.377604 0.134191 0.375 0.130515 0.375 0.128676 0.377604 0.126838 0.377604 0.126838 0.380208 0.119485 0.390625 0.115809 0.390625 0.113971 0.393229 0.113971 0.401042 0.117647 0.401042 0.119485 0.398438 0.125 0.398438 0.126838 0.395833 0.128676 0.395833 0.132353 0.390625 0.134191 0.390625 0.136029 0.393229 0.136029 0.395833 0.145221 0.395833 0.145221 0.393229 0.148897 0.388021 0.148897 0.369792 0.145221 0.364583
0 0.183824 0.328125 0.181985 0.330729 0.181985 0.333333 0.180147 0.335938 0.178309 0.335938 0.176471 0.338542 0.176471 0.34375 0.174632 0.346354 0.172794 0.346354 0.172794 0.354167 0.169118 0.359375 0.169118 0.361979 0.167279 0.364583 0.163603 0.364583 0.161765 0.367188 0.161765 0.369792 0.159926 0.372396 0.159926 0.385417 0.163603 0.385417 0.169118 0.377604 0.169118 0.375 0.170956 0.372396 0.174632 0.372396 0.174632 0.367188 0.178309 0.361979 0.178309 0.356771 0.181985 0.351562 0.183824 0.351562 0.183824 0.34375 0.185662 0.341146 0.1875 0.341146 0.1875 0.338542 0.189338 0.335938 0.189338 0.328125
0 0.21875 0.302083 0.21875 0.304688 0.215074 0.309896 0.213235 0.309896 0.213235 0.3125 0.211397 0.315104 0.211397 0.317708 0.209559 0.320312 0.205882 0.320312 0.204044 0.317708 0.193015 0.317708 0.193015 0.322917 0.200368 0.322917 0.204044 0.328125 0.213235 0.328125 0.216912 0.322917 0.21875 0.322917 0.21875 0.320312 0.220588 0.317708 0.233456 0.317708 0.235294 0.320312 0.235294 0.322917 0.262868 0.322917 0.262868 0.320312 0.264706 0.317708 0.266544 0.317708 0.268382 0.315104 0.272059 0.315104 0.272059 0.3125 0.273897 0.309896 0.294118 0.309896 0.294118 0.302083 0.266544 0.302083 0.264706 0.304688 0.262868 0.304688 0.262868 0.307292 0.261029 0.309896 0.259191 0.309896 0.257353 0.3125 0.251838 0.3125 0.25 0.309896 0.244485 0.309896 0.240809 0.304688 0.226103 0.304688 0.224265 0.302083
0 0.387868 0.247396 0.380515 0.257812 0.375 0.257812 0.375 0.260417 0.373162 0.263021 0.362132 0.263021 0.362132 0.273438 0.363971 0.273438 0.365809 0.276042 0.365809 0.278646 0.378676 0.278646 0.378676 0.276042 0.380515 0.273438 0.382353 0.273438 0.384191 0.270833 0.386029 0.270833 0.387868 0.268229 0.391544 0.268229 0.391544 0.265625 0.393382 0.263021 0.395221 0.263021 0.397059 0.260417 0.404412 0.260417 0.40625 0.263021 0.422794 0.263021 0.424632 0.265625 0.424632 0.268229 0.426471 0.268229 0.428309 0.270833 0.428309 0.273438 0.430147 0.273438 0.431985 0.276042 0.431985 0.278646 0.435662 0.283854 0.435662 0.286458 0.4375 0.286458 0.443015 0.294271 0.443015 0.296875 0.444853 0.299479 0.446691 0.299479 0.448529 0.302083 0.448529 0.304688 0.452206 0.304688 0.454044 0.307292 0.457721 0.307292 0.459559 0.309896 0.483456 0.309896 0.485294 0.3125 0.485294 0.315104 0.490809 0.315104 0.492647 0.317708 0.496324 0.317708 0.498162 0.320312 0.498162 0.322917 0.505515 0.322917 0.507353 0.325521 0.511029 0.325521 0.514706 0.330729 0.514706 0.333333 0.516544 0.333333 0.520221 0.338542 0.520221 0.341146 0.522059 0.341146 0.523897 0.34375 0.523897 0.346354 0.525735 0.346354 0.527574 0.348958 0.527574 0.351562 0.536765 0.351562 0.536765 0.338542 0.53125 0.330729 0.529412 0.330729 0.527574 0.328125 0.527574 0.325521 0.525735 0.322917 0.525735 0.320312 0.523897 0.320312 0.518382 0.3125 0.514706 0.3125 0.512868 0.309896 0.509191 0.309896 0.505515 0.304688 0.501838 0.304688 0.5 0.302083 0.494485 0.302083 0.492647 0.299479 0.46875 0.299479 0.465074 0.294271 0.463235 0.294271 0.461397 0.291667 0.457721 0.291667 0.455882 0.289062 0.455882 0.286458 0.454044 0.286458 0.452206 0.283854 0.450368 0.283854 0.448529 0.28125 0.448529 0.278646 0.443015 0.270833 0.443015 0.268229 0.441176 0.268229 0.439338 0.265625 0.439338 0.257812 0.433824 0.25 0.411765 0.25 0.409926 0.247396
0 0.297794 0.239583 0.297794 0.252604 0.301471 0.252604 0.305147 0.257812 0.305147 0.260417 0.308824 0.265625 0.308824 0.268229 0.316176 0.268229 0.316176 0.265625 0.318015 0.263021 0.319853 0.265625 0.319853 0.268229 0.323529 0.273438 0.338235 0.273438 0.340074 0.270833 0.34375 0.270833 0.345588 0.268229 0.347426 0.268229 0.349265 0.270833 0.356618 0.270833 0.356618 0.257812 0.354779 0.255208 0.338235 0.255208 0.336397 0.257812 0.332721 0.257812 0.330882 0.260417 0.325368 0.252604 0.325368 0.247396 0.323529 0.247396 0.321691 0.244792 0.316176 0.244792 0.314338 0.247396 0.3125 0.244792 0.3125 0.242188 0.310662 0.239583
