0 0.606618 0.859375 0.606618 0.864583 0.604779 0.867188 0.604779 0.885417 0.602941 0.888021 0.602941 0.908854 0.604779 0.911458 0.604779 0.919271 0.606618 0.921875 0.602941 0.927083 0.602941 0.960938 0.604779 0.963542 0.604779 0.966146 0.602941 0.96875 0.602941 0.981771 0.601103 0.984375 0.601103 0.992188 0.599265 0.994792 0.599265 0.997396 0.606618 0.997396 0.606618 0.976562 0.608456 0.973958 0.608456 0.955729 0.606618 0.953125 0.606618 0.9375 0.608456 0.934896 0.612132 0.934896 0.612132 0.919271 0.610294 0.916667 0.610294 0.908854 0.608456 0.90625 0.608456 0.901042 0.606618 0.898438 0.606618 0.895833 0.608456 0.893229 0.608456 0.872396 0.610294 0.869792 0.610294 0.859375
0 0.930147 0.838542 0.930147 0.841146 0.928309 0.84375 0.928309 0.848958 0.926471 0.851562 0.926471 0.875 0.924632 0.877604 0.924632 0.882812 0.922794 0.885417 0.922794 0.893229 0.920956 0.895833 0.920956 0.903646 0.919118 0.90625 0.919118 0.911458 0.917279 0.914062 0.917279 0.919271 0.915441 0.921875 0.915441 0.929688 0.913603 0.932292 0.913603 0.940104 0.911765 0.942708 0.911765 0.950521 0.909926 0.953125 0.909926 0.96875 0.908088 0.971354 0.908088 0.976562 0.90625 0.979167 0.90625 0.997396 0.909926 0.997396 0.909926 0.989583 0.911765 0.986979 0.911765 0.976562 0.913603 0.973958 0.913603 0.971354 0.915441 0.96875 0.915441 0.953125 0.917279 0.950521 0.917279 0.945312 0.919118 0.942708 0.919118 0.940104 0.920956 0.9375 0.920956 0.927083 0.926471 0.919271 0.928309 0.919271 0.931985 0.914062 0.933824 0.914062 0.9375 0.908854 0.939338 0.908854 0.946691 0.898438 0.946691 0.895833 0.948529 0.893229 0.948529 0.888021 0.943015 0.888021 0.941176 0.890625 0.939338 0.890625 0.933824 0.898438 0.933824 0.901042 0.931985 0.903646 0.930147 0.903646 0.928309 0.901042 0.928309 0.888021 0.930147 0.885417 0.930147 0.867188 0.931985 0.864583 0.931985 0.861979 0.933824 0.859375 0.933824 0.851562 0.9375 0.846354 0.9375 0.838542
0 0.996324 0.744792 0.996324 0.747396 0.994485 0.75 0.994485 0.752604 0.992647 0.755208 0.992647 0.768229 0.990809 0.770833 0.990809 0.776042 0.988971 0.778646 0.988971 0.78125 0.987132 0.783854 0.987132 0.786458 0.985294 0.789062 0.985294 0.799479 0.983456 0.802083 0.983456 0.807292 0.981618 0.809896 0.981618 0.8125 0.979779 0.815104 0.979779 0.817708 0.977941 0.820312 0.977941 0.822917 0.976103 0.825521 0.976103 0.830729 0.974265 0.833333 0.974265 0.838542 0.972426 0.841146 0.972426 0.854167 0.977941 0.854167 0.977941 0.851562 0.979779 0.848958 0.979779 0.841146 0.981618 0.838542 0.981618 0.828125 0.983456 0.825521 0.983456 0.822917 0.987132 0.817708 0.987132 0.809896 0.988971 0.807292 0.988971 0.804688 0.990809 0.802083 0.990809 0.796875 0.992647 0.794271 0.992647 0.791667 0.996324 0.786458 0.996324 0.778646 0.998162 0.776042 0.998162 0.744792
0 0.863971 0.710938 0.863971 0.71875 0.865809 0.721354 0.865809 0.726562 0.867647 0.729167 0.867647 0.731771 0.869485 0.734375 0.871324 0.734375 0.873162 0.736979 0.873162 0.742188 0.876838 0.747396 0.876838 0.752604 0.878676 0.755208 0.878676 0.757812 0.880515 0.760417 0.880515 0.765625 0.882353 0.768229 0.882353 0.770833 0.886029 0.776042 0.887868 0.776042 0.889706 0.778646 0.889706 0.78125 0.891544 0.783854 0.891544 0.786458 0.893382 0.786458 0.895221 0.789062 0.895221 0.791667 0.898897 0.796875 0.898897 0.799479 0.904412 0.807292 0.904412 0.8125 0.90625 0.815104 0.90625 0.817708 0.908088 0.820312 0.908088 0.825521 0.909926 0.828125 0.909926 0.830729 0.915441 0.830729 0.915441 0.825521 0.911765 0.820312 0.911765 0.815104 0.909926 0.8125 0.909926 0.802083 0.908088 0.799479 0.908088 0.794271 0.904412 0.789062 0.904412 0.786458 0.902574 0.786458 0.900735 0.783854 0.900735 0.78125 0.889706 0.765625 0.889706 0.763021 0.887868 0.760417 0.887868 0.757812 0.886029 0.755208 0.886029 0.752604 0.882353 0.747396 0.882353 0.739583 0.880515 0.736979 0.880515 0.734375 0.873162 0.723958 0.873162 0.71875 0.871324 0.716146 0.871324 0.713542 0.869485 0.710938
0 0.819853 0.640625 0.819853 0.65625 0.825368 0.664062 0.827206 0.664062 0.829044 0.666667 0.830882 0.666667 0.834559 0.671875 0.836397 0.671875 0.838235 0.674479 0.838235 0.677083 0.849265 0.677083 0.851103 0.679688 0.851103 0.682292 0.852941 0.684896 0.852941 0.6875 0.854779 0.690104 0.854779 0.695312 0.856618 0.697917 0.860294 0.697917 0.860294 0.684896 0.858456 0.682292 0.858456 0.679688 0.856618 0.677083 0.856618 0.669271 0.851103 0.669271 0.849265 0.666667 0.847426 0.666667 0.845588 0.664062 0.841912 0.664062 0.838235 0.658854 0.838235 0.65625 0.836397 0.653646 0.836397 0.651042 0.832721 0.645833 0.829044 0.645833 0.827206 0.643229 0.825368 0.643229 0.823529 0.640625
0 0.713235 0.640625 0.711397 0.643229 0.700368 0.643229 0.698529 0.645833 0.670956 0.645833 0.669118 0.643229 0.65625 0.643229 0.65625 0.651042 0.716912 0.651042 0.71875 0.648438 0.737132 0.648438 0.737132 0.640625
0 0.766544 0.325521 0.766544 0.341146 0.768382 0.34375 0.768382 0.346354 0.770221 0.348958 0.770221 0.364583 0.768382 0.367188 0.768382 0.390625 0.770221 0.393229 0.770221 0.395833 0.768382 0.398438 0.768382 0.411458 0.770221 0.414062 0.770221 0.419271 0.772059 0.421875 0.772059 0.4375 0.773897 0.440104 0.773897 0.442708 0.775735 0.445312 0.775735 0.450521 0.777574 0.453125 0.777574 0.46875 0.779412 0.471354 0.779412 0.486979 0.783088 0.492188 0.783088 0.497396 0.784926 0.5 0.784926 0.502604 0.786765 0.505208 0.786765 0.507812 0.792279 0.515625 0.795956 0.515625 0.797794 0.518229 0.797794 0.526042 0.799632 0.528646 0.799632 0.53125 0.801471 0.533854 0.801471 0.541667 0.805147 0.546875 0.805147 0.549479 0.806985 0.552083 0.806985 0.559896 0.810662 0.565104 0.810662 0.567708 0.8125 0.570312 0.8125 0.572917 0.816176 0.578125 0.816176 0.580729 0.818015 0.583333 0.818015 0.588542 0.819853 0.591146 0.819853 0.59375 0.821691 0.596354 0.821691 0.598958 0.823529 0.601562 0.823529 0.611979 0.825368 0.614583 0.825368 0.635417 0.830882 0.635417 0.830882 0.619792 0.829044 0.617188 0.829044 0.601562 0.827206 0.598958 0.827206 0.588542 0.823529 0.583333 0.823529 0.580729 0.821691 0.578125 0.821691 0.570312 0.819853 0.567708 0.819853 0.565104 0.816176 0.559896 0.816176 0.557292 0.814338 0.554688 0.814338 0.552083 0.8125 0.549479 0.8125 0.546875 0.810662 0.544271 0.810662 0.541667 0.808824 0.539062 0.808824 0.536458 0.806985 0.533854 0.806985 0.53125 0.805147 0.528646 0.805147 0.526042 0.803309 0.523438 0.803309 0.510417 0.799632 0.510417 0.795956 0.505208 0.795956 0.502604 0.790441 0.494792 0.790441 0.492188 0.786765 0.486979 0.786765 0.481771 0.784926 0.479167 0.784926 0.460938 0.783088 0.458333 0.783088 0.442708 0.78125 0.440104 0.78125 0.4375 0.779412 0.434896 0.779412 0.427083 0.777574 0.424479 0.777574 0.419271 0.775735 0.416667 0.775735 0.408854 0.773897 0.40625 0.773897 0.380208 0.772059 0.377604 0.773897 0.375 0.773897 0.335938 0.772059 0.333333 0.772059 0.330729 0.770221 0.328125 0.770221 0.325521
0 0.772059 0.236979 0.772059 0.255208 0.770221 0.257812 0.770221 0.268229 0.768382 0.270833 0.768382 0.276042 0.772059 0.276042 0.773897 0.273438 0.773897 0.268229 0.777574 0.263021 0.777574 0.236979
0 0.727941 0.078125 0.727941 0.101562 0.726103 0.104167 0.726103 0.106771 0.722426 0.111979 0.722426 0.117188 0.720588 0.119792 0.720588 0.127604 0.71875 0.130208 0.71875 0.132812 0.716912 0.135417 0.716912 0.15625 0.715074 0.158854 0.715074 0.169271 0.713235 0.171875 0.713235 0.190104 0.711397 0.192708 0.711397 0.210938 0.709559 0.213542 0.709559 0.21875 0.707721 0.221354 0.707721 0.229167 0.705882 0.231771 0.705882 0.242188 0.704044 0.244792 0.704044 0.247396 0.702206 0.25 0.698529 0.244792 0.694853 0.244792 0.693015 0.242188 0.672794 0.242188 0.670956 0.244792 0.661765 0.244792 0.659926 0.242188 0.658088 0.242188 0.65625 0.239583 0.654412 0.239583 0.652574 0.236979 0.628676 0.236979 0.626838 0.239583 0.597426 0.239583 0.59375 0.234375 0.59375 0.231771 0.590074 0.226562 0.586397 0.226562 0.586397 0.236979 0.588235 0.239583 0.588235 0.244792 0.590074 0.247396 0.591912 0.247396 0.59375 0.25 0.610294 0.25 0.612132 0.247396 0.613971 0.247396 0.615809 0.244792 0.632353 0.244792 0.634191 0.242188 0.645221 0.242188 0.647059 0.244792 0.648897 0.244792 0.650735 0.247396 0.654412 0.247396 0.65625 0.25 0.678309 0.25 0.680147 0.247396 0.683824 0.247396 0.685662 0.25 0.689338 0.25 0.691176 0.252604 0.693015 0.252604 0.694853 0.255208 0.698529 0.255208 0.700368 0.257812 0.700368 0.278646 0.698529 0.28125 0.698529 0.283854 0.696691 0.286458 0.696691 0.294271 0.694853 0.296875 0.694853 0.302083 0.691176 0.307292 0.691176 0.309896 0.689338 0.3125 0.689338 0.320312 0.6875 0.322917 0.6875 0.325521 0.685662 0.328125 0.685662 0.333333 0.683824 0.335938 0.683824 0.338542 0.681985 0.341146 0.681985 0.351562 0.680147 0.354167 0.680147 0.361979 0.678309 0.364583 0.678309 0.367188 0.676471 0.369792 0.676471 0.372396 0.674632 0.375 0.674632 0.377604 0.672794 0.380208 0.672794 0.385417 0.670956 0.388021 0.670956 0.395833 0.669118 0.398438 0.669118 0.416667 0.667279 0.419271 0.667279 0.427083 0.665441 0.429688 0.665441 0.432292 0.663603 0.434896 0.663603 0.458333 0.661765 0.460938 0.661765 0.46875 0.659926 0.471354 0.659926 0.489583 0.658088 0.492188 0.658088 0.5 0.65625 0.502604 0.65625 0.53125 0.654412 0.533854 0.654412 0.546875 0.652574 0.549479 0.652574 0.565104 0.650735 0.567708 0.650735 0.570312 0.648897 0.572917 0.648897 0.596354 0.647059 0.598958 0.647059 0.617188 0.645221 0.619792 0.643382 0.619792 0.641544 0.617188 0.639706 0.617188 0.637868 0.614583 0.636029 0.614583 0.634191 0.611979 0.632353 0.611979 0.630515 0.609375 0.626838 0.609375 0.625 0.606771 0.621324 0.606771 0.619485 0.604167 0.612132 0.604167 0.610294 0.601562 0.608456 0.601562 0.606618 0.598958 0.597426 0.598958 0.595588 0.596354 0.588235 0.596354 0.586397 0.59375 0.566176 0.59375 0.564338 0.591146 0.542279 0.591146 0.540441 0.588542 0.53125 0.588542 0.53125 0.59375 0.533088 0.596354 0.555147 0.596354 0.556985 0.598958 0.5625 0.598958 0.564338 0.601562 0.579044 0.601562 0.580882 0.604167 0.590074 0.604167 0.591912 0.606771 0.602941 0.606771 0.604779 0.609375 0.606618 0.609375 0.608456 0.611979 0.613971 0.611979 0.615809 0.614583 0.621324 0.614583 0.623162 0.617188 0.625 0.617188 0.626838 0.619792 0.628676 0.619792 0.630515 0.622396 0.636029 0.622396 0.637868 0.625 0.645221 0.625 0.647059 0.627604 0.647059 0.630208 0.645221 0.632812 0.645221 0.638021 0.643382 0.640625 0.643382 0.643229 0.641544 0.645833 0.641544 0.661458 0.639706 0.664062 0.639706 0.674479 0.637868 0.677083 0.637868 0.684896 0.634191 0.690104 0.634191 0.692708 0.632353 0.695312 0.632353 0.700521 0.630515 0.703125 0.630515 0.705729 0.628676 0.708333 0.628676 0.731771 0.626838 0.734375 0.626838 0.744792 0.625 0.747396 0.625 0.75 0.623162 0.752604 0.623162 0.755208 0.621324 0.757812 0.621324 0.760417 0.619485 0.763021 0.619485 0.768229 0.617647 0.770833 0.617647 0.773438 0.615809 0.776042 0.615809 0.78125 0.613971 0.783854 0.613971 0.809896 0.612132 0.8125 0.612132 0.820312 0.610294 0.822917 0.610294 0.838542 0.613971 0.838542 0.613971 0.835938 0.615809 0.833333 0.615809 0.830729 0.617647 0.828125 0.617647 0.820312 0.621324 0.815104 0.621324 0.786458 0.623162 0.783854 0.623162 0.776042 0.625 0.773438 0.625 0.763021 0.626838 0.760417 0.626838 0.757812 0.630515 0.752604 0.630515 0.744792 0.632353 0.742188 0.632353 0.729167 0.634191 0.726562 0.634191 0.716146 0.636029 0.713542 0.636029 0.710938 0.637868 0.708333 0.637868 0.703125 0.641544 0.697917 0.641544 0.695312 0.643382 0.692708 0.643382 0.671875 0.645221 0.669271 0.645221 0.653646 0.648897 0.648438 0.648897 0.643229 0.650735 0.640625 0.650735 0.638021 0.654412 0.632812 0.654412 0.617188 0.652574 0.614583 0.652574 0.611979 0.650735 0.609375 0.652574 0.606771 0.654412 0.606771 0.654412 0.580729 0.658088 0.575521 0.658088 0.559896 0.659926 0.557292 0.659926 0.523438 0.661765 0.520833 0.661765 0.515625 0.663603 0.513021 0.663603 0.492188 0.665441 0.489583 0.665441 0.476562 0.667279 0.473958 0.667279 0.463542 0.669118 0.460938 0.669118 0.442708 0.670956 0.440104 0.670956 0.4375 0.672794 0.434896 0.672794 0.427083 0.674632 0.424479 0.674632 0.40625 0.676471 0.403646 0.676471 0.395833 0.678309 0.393229 0.678309 0.382812 0.681985 0.377604 0.681985 0.372396 0.683824 0.369792 0.683824 0.364583 0.685662 0.361979 0.685662 0.359375 0.6875 0.356771 0.6875 0.348958 0.689338 0.346354 0.689338 0.34375 0.691176 0.341146 0.691176 0.335938 0.693015 0.333333 0.693015 0.330729 0.694853 0.328125 0.694853 0.320312 0.696691 0.317708 0.696691 0.3125 0.698529 0.309896 0.698529 0.304688 0.700368 0.302083 0.700368 0.296875 0.702206 0.294271 0.702206 0.289062 0.704044 0.286458 0.704044 0.28125 0.707721 0.276042 0.713235 0.283854 0.715074 0.283854 0.71875 0.289062 0.731618 0.289062 0.731618 0.283854 0.729779 0.283854 0.727941 0.28125 0.726103 0.28125 0.722426 0.276042 0.71875 0.276042 0.711397 0.265625 0.709559 0.265625 0.707721 0.263021 0.707721 0.257812 0.709559 0.255208 0.709559 0.252604 0.711397 0.25 0.711397 0.242188 0.713235 0.239583 0.713235 0.226562 0.715074 0.223958 0.715074 0.216146 0.716912 0.213542 0.71875 0.213542 0.720588 0.210938 0.729779 0.210938 0.735294 0.203125 0.738971 0.203125 0.740809 0.200521 0.746324 0.200521 0.748162 0.197917 0.762868 0.197917 0.764706 0.195312 0.768382 0.195312 0.770221 0.192708 0.773897 0.192708 0.775735 0.190104 0.78125 0.190104 0.783088 0.1875 0.784926 0.1875 0.786765 0.184896 0.794118 0.184896 0.794118 0.177083 0.788603 0.177083 0.786765 0.179688 0.779412 0.179688 0.777574 0.182292 0.775735 0.182292 0.773897 0.184896 0.764706 0.184896 0.762868 0.1875 0.759191 0.1875 0.757353 0.190104 0.751838 0.190104 0.75 0.192708 0.740809 0.192708 0.738971 0.195312 0.733456 0.195312 0.731618 0.197917 0.727941 0.197917 0.726103 0.200521 0.724265 0.200521 0.722426 0.203125 0.720588 0.203125 0.71875 0.205729 0.716912 0.205729 0.715074 0.203125 0.715074 0.200521 0.716912 0.197917 0.716912 0.182292 0.71875 0.179688 0.71875 0.169271 0.720588 0.166667 0.720588 0.164062 0.722426 0.161458 0.722426 0.143229 0.724265 0.140625 0.724265 0.138021 0.726103 0.135417 0.726103 0.127604 0.727941 0.125 0.727941 0.122396 0.729779 0.119792 0.729779 0.117188 0.731618 0.114583 0.731618 0.078125
0 0.799632 0.023438 0.799632 0.026042 0.797794 0.028646 0.797794 0.046875 0.799632 0.049479 0.799632 0.065104 0.801471 0.067708 0.801471 0.080729 0.803309 0.083333 0.803309 0.088542 0.805147 0.091146 0.805147 0.132812 0.803309 0.135417 0.801471 0.135417 0.801471 0.15625 0.803309 0.158854 0.803309 0.161458 0.805147 0.164062 0.805147 0.166667 0.808824 0.171875 0.808824 0.174479 0.810662 0.177083 0.810662 0.179688 0.818015 0.190104 0.818015 0.192708 0.823529 0.200521 0.825368 0.200521 0.827206 0.203125 0.832721 0.203125 0.834559 0.205729 0.836397 0.205729 0.838235 0.208333 0.838235 0.210938 0.840074 0.210938 0.849265 0.223958 0.849265 0.226562 0.852941 0.226562 0.854779 0.229167 0.854779 0.231771 0.856618 0.231771 0.863971 0.242188 0.867647 0.242188 0.869485 0.244792 0.871324 0.244792 0.873162 0.247396 0.875 0.247396 0.878676 0.252604 0.880515 0.252604 0.884191 0.257812 0.886029 0.257812 0.887868 0.260417 0.889706 0.260417 0.891544 0.263021 0.891544 0.265625 0.895221 0.270833 0.897059 0.270833 0.898897 0.273438 0.90625 0.273438 0.911765 0.28125 0.913603 0.28125 0.919118 0.289062 0.920956 0.289062 0.926471 0.296875 0.926471 0.299479 0.928309 0.302083 0.9375 0.302083 0.939338 0.304688 0.941176 0.304688 0.944853 0.309896 0.946691 0.309896 0.948529 0.3125 0.950368 0.3125 0.952206 0.315104 0.954044 0.315104 0.955882 0.317708 0.961397 0.317708 0.963235 0.320312 0.963235 0.322917 0.965074 0.325521 0.966912 0.325521 0.970588 0.330729 0.972426 0.330729 0.976103 0.335938 0.977941 0.335938 0.981618 0.341146 0.985294 0.341146 0.987132 0.34375 0.988971 0.34375 0.994485 0.351562 0.998162 0.351562 0.998162 0.34375 0.996324 0.341146 0.994485 0.341146 0.992647 0.338542 0.990809 0.338542 0.988971 0.335938 0.987132 0.335938 0.985294 0.333333 0.983456 0.333333 0.979779 0.328125 0.977941 0.328125 0.974265 0.322917 0.972426 0.322917 0.959559 0.304688 0.957721 0.304688 0.955882 0.302083 0.952206 0.302083 0.950368 0.299479 0.946691 0.299479 0.944853 0.296875 0.943015 0.296875 0.941176 0.294271 0.9375 0.294271 0.933824 0.289062 0.931985 0.289062 0.922794 0.276042 0.920956 0.276042 0.917279 0.270833 0.915441 0.270833 0.909926 0.263021 0.90625 0.263021 0.902574 0.257812 0.900735 0.257812 0.898897 0.255208 0.895221 0.255208 0.893382 0.252604 0.893382 0.25 0.891544 0.25 0.887868 0.244792 0.886029 0.244792 0.884191 0.242188 0.882353 0.242188 0.880515 0.239583 0.876838 0.239583 0.875 0.236979 0.873162 0.236979 0.865809 0.226562 0.863971 0.226562 0.862132 0.223958 0.860294 0.223958 0.852941 0.213542 0.852941 0.210938 0.851103 0.208333 0.849265 0.208333 0.845588 0.203125 0.84375 0.203125 0.841912 0.200521 0.841912 0.197917 0.840074 0.197917 0.838235 0.195312 0.830882 0.195312 0.821691 0.182292 0.821691 0.179688 0.818015 0.174479 0.818015 0.171875 0.816176 0.169271 0.816176 0.166667 0.810662 0.158854 0.810662 0.15625 0.808824 0.153646 0.810662 0.151042 0.8125 0.151042 0.8125 0.132812 0.810662 0.132812 0.808824 0.130208 0.808824 0.078125 0.806985 0.075521 0.806985 0.070312 0.805147 0.067708 0.805147 0.059896 0.803309 0.057292 0.803309 0.033854 0.805147 0.03125 0.805147 0.023438
0 0.123162 0.018229 0.123162 0.059896 0.125 0.0625 0.125 0.117188 0.126838 0.119792 0.126838 0.125 0.128676 0.127604 0.128676 0.130208 0.130515 0.132812 0.130515 0.140625 0.132353 0.143229 0.132353 0.145833 0.134191 0.148438 0.134191 0.164062 0.136029 0.166667 0.136029 0.169271 0.137868 0.171875 0.137868 0.179688 0.141544 0.184896 0.141544 0.190104 0.143382 0.192708 0.143382 0.205729 0.145221 0.208333 0.145221 0.210938 0.147059 0.213542 0.147059 0.223958 0.148897 0.226562 0.148897 0.231771 0.150735 0.234375 0.150735 0.242188 0.154412 0.247396 0.154412 0.252604 0.15625 0.255208 0.15625 0.257812 0.158088 0.260417 0.158088 0.268229 0.159926 0.270833 0.159926 0.278646 0.161765 0.28125 0.161765 0.283854 0.163603 0.286458 0.163603 0.291667 0.165441 0.294271 0.165441 0.304688 0.167279 0.307292 0.167279 0.317708 0.169118 0.320312 0.169118 0.322917 0.170956 0.325521 0.170956 0.333333 0.174632 0.338542 0.174632 0.34375 0.176471 0.346354 0.176471 0.359375 0.178309 0.361979 0.178309 0.372396 0.180147 0.375 0.180147 0.377604 0.181985 0.377604 0.183824 0.380208 0.189338 0.380208 0.189338 0.372396 0.1875 0.369792 0.1875 0.367188 0.185662 0.364583 0.185662 0.361979 0.183824 0.361979 0.181985 0.359375 0.181985 0.346354 0.180147 0.34375 0.180147 0.335938 0.178309 0.333333 0.178309 0.325521 0.176471 0.322917 0.176471 0.317708 0.174632 0.315104 0.174632 0.3125 0.172794 0.309896 0.172794 0.299479 0.170956 0.296875 0.170956 0.286458 0.169118 0.283854 0.169118 0.28125 0.167279 0.278646 0.167279 0.273438 0.165441 0.270833 0.165441 0.268229 0.163603 0.265625 0.163603 0.260417 0.161765 0.257812 0.161765 0.252604 0.159926 0.25 0.159926 0.242188 0.158088 0.239583 0.158088 0.234375 0.15625 0.231771 0.15625 0.226562 0.154412 0.223958 0.154412 0.21875 0.152574 0.216146 0.152574 0.210938 0.150735 0.208333 0.150735 0.200521 0.148897 0.197917 0.148897 0.195312 0.147059 0.192708 0.147059 0.179688 0.143382 0.174479 0.143382 0.164062 0.141544 0.161458 0.141544 0.15625 0.139706 0.153646 0.139706 0.140625 0.137868 0.138021 0.137868 0.132812 0.136029 0.130208 0.136029 0.125 0.134191 0.122396 0.134191 0.119792 0.132353 0.117188 0.132353 0.114583 0.130515 0.111979 0.130515 0.104167 0.128676 0.101562 0.128676 0.049479 0.126838 0.046875 0.126838 0.018229
0 0.450368 0.0 0.448529 0.002604 0.448529 0.015625 0.446691 0.018229 0.446691 0.026042 0.444853 0.028646 0.444853 0.036458 0.441176 0.041667 0.441176 0.059896 0.443015 0.0625 0.443015 0.065104 0.444853 0.067708 0.444853 0.130208 0.443015 0.132812 0.441176 0.132812 0.4375 0.138021 0.4375 0.140625 0.435662 0.143229 0.435662 0.145833 0.433824 0.148438 0.433824 0.158854 0.431985 0.161458 0.431985 0.200521 0.430147 0.203125 0.430147 0.205729 0.428309 0.208333 0.428309 0.221354 0.426471 0.223958 0.426471 0.234375 0.424632 0.236979 0.424632 0.239583 0.422794 0.242188 0.422794 0.244792 0.415441 0.255208 0.411765 0.255208 0.411765 0.260417 0.409926 0.263021 0.408088 0.263021 0.408088 0.265625 0.40625 0.268229 0.404412 0.268229 0.402574 0.270833 0.400735 0.270833 0.398897 0.273438 0.393382 0.273438 0.386029 0.283854 0.384191 0.283854 0.382353 0.286458 0.380515 0.286458 0.373162 0.296875 0.371324 0.296875 0.369485 0.299479 0.367647 0.299479 0.358456 0.3125 0.356618 0.3125 0.354779 0.315104 0.352941 0.315104 0.349265 0.320312 0.347426 0.320312 0.345588 0.322917 0.34375 0.322917 0.341912 0.325521 0.340074 0.325521 0.336397 0.330729 0.334559 0.330729 0.332721 0.333333 0.330882 0.333333 0.329044 0.335938 0.327206 0.335938 0.325368 0.338542 0.323529 0.338542 0.321691 0.341146 0.319853 0.341146 0.318015 0.34375 0.316176 0.34375 0.314338 0.346354 0.310662 0.346354 0.305147 0.354167 0.303309 0.354167 0.303309 0.356771 0.299632 0.361979 0.295956 0.361979 0.292279 0.367188 0.290441 0.367188 0.288603 0.369792 0.286765 0.369792 0.284926 0.372396 0.283088 0.372396 0.273897 0.385417 0.272059 0.385417 0.268382 0.390625 0.266544 0.390625 0.264706 0.393229 0.261029 0.393229 0.253676 0.403646 0.251838 0.403646 0.25 0.40625 0.248162 0.40625 0.242647 0.414062 0.238971 0.408854 0.235294 0.408854 0.233456 0.40625 0.211397 0.40625 0.209559 0.403646 0.207721 0.403646 0.205882 0.401042 0.193015 0.401042 0.191176 0.398438 0.191176 0.390625 0.185662 0.390625 0.185662 0.403646 0.183824 0.40625 0.183824 0.416667 0.181985 0.419271 0.181985 0.429688 0.180147 0.432292 0.180147 0.445312 0.178309 0.447917 0.178309 0.463542 0.176471 0.466146 0.176471 0.471354 0.174632 0.473958 0.172794 0.473958 0.172794 0.476562 0.170956 0.479167 0.169118 0.479167 0.167279 0.481771 0.163603 0.481771 0.161765 0.484375 0.159926 0.484375 0.15625 0.489583 0.154412 0.489583 0.148897 0.497396 0.143382 0.497396 0.141544 0.5 0.141544 0.502604 0.137868 0.507812 0.136029 0.507812 0.134191 0.510417 0.130515 0.510417 0.128676 0.513021 0.126838 0.513021 0.125 0.515625 0.123162 0.515625 0.117647 0.523438 0.115809 0.523438 0.115809 0.526042 0.113971 0.528646 0.106618 0.528646 0.104779 0.53125 0.102941 0.53125 0.101103 0.533854 0.099265 0.533854 0.097426 0.536458 0.095588 0.536458 0.09375 0.539062 0.091912 0.539062 0.090074 0.541667 0.082721 0.541667 0.079044 0.546875 0.077206 0.546875 0.075368 0.549479 0.073529 0.549479 0.071691 0.552083 0.068015 0.552083 0.066176 0.554688 0.0625 0.554688 0.060662 0.557292 0.053309 0.557292 0.049632 0.5625 0.045956 0.5625 0.044118 0.565104 0.042279 0.565104 0.040441 0.567708 0.038603 0.567708 0.036765 0.570312 0.033088 0.570312 0.03125 0.572917 0.018382 0.572917 0.016544 0.575521 0.014706 0.575521 0.012868 0.578125 0.011029 0.578125 0.009191 0.580729 0.007353 0.580729 0.005515 0.583333 0.003676 0.583333 0.0 0.588542 0.0 0.601562 0.001838 0.601562 0.005515 0.596354 0.007353 0.596354 0.009191 0.59375 0.011029 0.59375 0.012868 0.591146 0.016544 0.591146 0.018382 0.588542 0.022059 0.588542 0.023897 0.585938 0.025735 0.585938 0.027574 0.583333 0.03125 0.583333 0.033088 0.580729 0.042279 0.580729 0.044118 0.578125 0.047794 0.578125 0.049632 0.575521 0.053309 0.575521 0.055147 0.572917 0.060662 0.572917 0.0625 0.570312 0.064338 0.570312 0.066176 0.567708 0.069853 0.567708 0.073529 0.5625 0.075368 0.5625 0.077206 0.559896 0.082721 0.559896 0.084559 0.557292 0.088235 0.557292 0.090074 0.554688 0.09375 0.554688 0.095588 0.552083 0.099265 0.552083 0.101103 0.549479 0.102941 0.549479 0.106618 0.544271 0.108456 0.544271 0.110294 0.541667 0.113971 0.541667 0.115809 0.539062 0.117647 0.539062 0.123162 0.53125 0.128676 0.53125 0.130515 0.528646 0.132353 0.528646 0.136029 0.523438 0.137868 0.523438 0.143382 0.515625 0.148897 0.515625 0.152574 0.510417 0.15625 0.510417 0.158088 0.507812 0.158088 0.505208 0.161765 0.5 0.163603 0.5 0.170956 0.489583 0.172794 0.489583 0.174632 0.486979 0.176471 0.486979 0.183824 0.476562 0.183824 0.460938 0.185662 0.458333 0.1875 0.460938 0.189338 0.460938 0.191176 0.463542 0.205882 0.463542 0.207721 0.460938 0.209559 0.460938 0.211397 0.458333 0.213235 0.458333 0.215074 0.455729 0.21875 0.455729 0.224265 0.447917 0.226103 0.447917 0.227941 0.445312 0.229779 0.445312 0.231618 0.442708 0.233456 0.442708 0.235294 0.440104 0.238971 0.440104 0.240809 0.442708 0.242647 0.442708 0.25 0.453125 0.251838 0.453125 0.253676 0.455729 0.255515 0.455729 0.259191 0.460938 0.261029 0.460938 0.262868 0.463542 0.264706 0.463542 0.266544 0.466146 0.268382 0.466146 0.270221 0.46875 0.273897 0.46875 0.277574 0.473958 0.279412 0.473958 0.286765 0.484375 0.288603 0.484375 0.292279 0.489583 0.295956 0.489583 0.297794 0.492188 0.299632 0.492188 0.305147 0.5 0.314338 0.5 0.314338 0.494792 0.308824 0.486979 0.306985 0.486979 0.305147 0.484375 0.303309 0.484375 0.301471 0.481771 0.297794 0.481771 0.292279 0.473958 0.290441 0.473958 0.284926 0.466146 0.283088 0.466146 0.279412 0.460938 0.277574 0.460938 0.275735 0.458333 0.273897 0.458333 0.272059 0.455729 0.270221 0.455729 0.268382 0.453125 0.264706 0.453125 0.259191 0.445312 0.257353 0.445312 0.255515 0.442708 0.253676 0.442708 0.25 0.4375 0.248162 0.4375 0.246324 0.434896 0.246324 0.429688 0.25 0.424479 0.25 0.419271 0.257353 0.408854 0.262868 0.408854 0.268382 0.401042 0.270221 0.401042 0.273897 0.395833 0.275735 0.395833 0.277574 0.393229 0.28125 0.393229 0.284926 0.388021 0.284926 0.385417 0.290441 0.377604 0.294118 0.377604 0.295956 0.375 0.297794 0.375 0.301471 0.369792 0.303309 0.369792 0.305147 0.367188 0.306985 0.367188 0.308824 0.364583 0.3125 0.364583 0.314338 0.361979 0.316176 0.361979 0.321691 0.354167 0.321691 0.351562 0.323529 0.348958 0.329044 0.348958 0.330882 0.346354 0.332721 0.346354 0.334559 0.34375 0.336397 0.34375 0.341912 0.335938 0.34375 0.335938 0.345588 0.333333 0.349265 0.333333 0.351103 0.330729 0.352941 0.330729 0.354779 0.328125 0.356618 0.328125 0.356618 0.325521 0.358456 0.322917 0.360294 0.322917 0.363971 0.317708 0.367647 0.317708 0.375 0.307292 0.375 0.304688 0.376838 0.302083 0.380515 0.302083 0.393382 0.283854 0.395221 0.283854 0.397059 0.28125 0.398897 0.28125 0.400735 0.278646 0.404412 0.278646 0.40625 0.276042 0.409926 0.276042 0.411765 0.273438 0.413603 0.273438 0.415441 0.270833 0.415441 0.268229 0.419118 0.263021 0.420956 0.263021 0.422794 0.265625 0.422794 0.270833 0.424632 0.273438 0.424632 0.28125 0.422794 0.283854 0.422794 0.294271 0.420956 0.296875 0.420956 0.307292 0.419118 0.309896 0.419118 0.322917 0.417279 0.325521 0.417279 0.328125 0.415441 0.330729 0.415441 0.333333 0.413603 0.335938 0.413603 0.338542 0.411765 0.341146 0.411765 0.34375 0.408088 0.348958 0.408088 0.354167 0.40625 0.356771 0.40625 0.359375 0.404412 0.361979 0.404412 0.367188 0.402574 0.369792 0.402574 0.372396 0.400735 0.375 0.400735 0.390625 0.404412 0.395833 0.404412 0.401042 0.400735 0.40625 0.400735 0.408854 0.398897 0.411458 0.398897 0.414062 0.397059 0.416667 0.397059 0.427083 0.395221 0.429688 0.395221 0.432292 0.391544 0.4375 0.391544 0.440104 0.389706 0.442708 0.389706 0.445312 0.387868 0.447917 0.387868 0.460938 0.386029 0.463542 0.386029 0.46875 0.384191 0.471354 0.384191 0.479167 0.382353 0.481771 0.382353 0.489583 0.380515 0.492188 0.380515 0.518229 0.376838 0.523438 0.376838 0.526042 0.375 0.528646 0.375 0.53125 0.373162 0.533854 0.373162 0.544271 0.369485 0.549479 0.365809 0.549479 0.360294 0.541667 0.360294 0.539062 0.358456 0.536458 0.358456 0.533854 0.354779 0.528646 0.352941 0.528646 0.349265 0.523438 0.349265 0.520833 0.347426 0.518229 0.347426 0.515625 0.345588 0.513021 0.341912 0.513021 0.340074 0.510417 0.338235 0.510417 0.336397 0.507812 0.332721 0.507812 0.330882 0.505208 0.321691 0.505208 0.321691 0.513021 0.325368 0.513021 0.327206 0.515625 0.332721 0.515625 0.334559 0.518229 0.336397 0.518229 0.341912 0.526042 0.341912 0.528646 0.349265 0.539062 0.351103 0.539062 0.354779 0.544271 0.354779 0.549479 0.356618 0.552083 0.356618 0.554688 0.358456 0.554688 0.362132 0.559896 0.365809 0.559896 0.367647 0.5625 0.367647 0.565104 0.362132 0.572917 0.362132 0.588542 0.360294 0.591146 0.360294 0.59375 0.358456 0.596354 0.358456 0.611979 0.356618 0.614583 0.356618 0.617188 0.354779 0.619792 0.354779 0.690104 0.356618 0.692708 0.356618 0.697917 0.358456 0.700521 0.358456 0.703125 0.360294 0.705729 0.360294 0.708333 0.363971 0.713542 0.363971 0.721354 0.365809 0.723958 0.365809 0.736979 0.363971 0.739583 0.363971 0.757812 0.365809 0.760417 0.365809 0.776042 0.367647 0.778646 0.367647 0.791667 0.365809 0.794271 0.365809 0.802083 0.363971 0.804688 0.363971 0.8125 0.362132 0.815104 0.362132 0.822917 0.360294 0.825521 0.360294 0.838542 0.358456 0.841146 0.358456 0.84375 0.356618 0.846354 0.356618 0.856771 0.354779 0.859375 0.354779 0.867188 0.352941 0.869792 0.352941 0.877604 0.351103 0.880208 0.351103 0.888021 0.349265 0.890625 0.349265 0.895833 0.347426 0.898438 0.347426 0.921875 0.349265 0.924479 0.349265 0.984375 0.345588 0.989583 0.345588 0.997396 0.356618 0.997396 0.356618 0.914062 0.354779 0.911458 0.354779 0.908854 0.356618 0.90625 0.356618 0.898438 0.358456 0.895833 0.358456 0.885417 0.360294 0.882812 0.360294 0.877604 0.362132 0.875 0.362132 0.869792 0.363971 0.867188 0.363971 0.856771 0.365809 0.854167 0.365809 0.851562 0.367647 0.848958 0.367647 0.846354 0.369485 0.84375 0.369485 0.828125 0.371324 0.825521 0.371324 0.820312 0.373162 0.817708 0.373162 0.804688 0.375 0.802083 0.375 0.760417 0.373162 0.757812 0.373162 0.744792 0.375 0.742188 0.375 0.723958 0.373162 0.721354 0.373162 0.710938 0.371324 0.708333 0.371324 0.705729 0.369485 0.703125 0.369485 0.697917 0.365809 0.692708 0.365809 0.658854 0.363971 0.658854 0.362132 0.65625 0.362132 0.630208 0.363971 0.627604 0.363971 0.625 0.365809 0.622396 0.365809 0.609375 0.367647 0.606771 0.367647 0.601562 0.369485 0.598958 0.369485 0.59375 0.371324 0.591146 0.371324 0.585938 0.373162 0.583333 0.373162 0.578125 0.375 0.575521 0.375 0.570312 0.376838 0.567708 0.378676 0.570312 0.384191 0.570312 0.386029 0.572917 0.389706 0.572917 0.391544 0.575521 0.443015 0.575521 0.446691 0.580729 0.461397 0.580729 0.463235 0.578125 0.472426 0.578125 0.474265 0.580729 0.477941 0.580729 0.479779 0.583333 0.494485 0.583333 0.496324 0.585938 0.498162 0.585938 0.5 0.588542 0.507353 0.588542 0.509191 0.591146 0.516544 0.591146 0.516544 0.583333 0.514706 0.580729 0.505515 0.580729 0.503676 0.578125 0.487132 0.578125 0.485294 0.575521 0.481618 0.575521 0.479779 0.572917 0.450368 0.572917 0.448529 0.570312 0.446691 0.570312 0.444853 0.567708 0.408088 0.567708 0.40625 0.570312 0.404412 0.570312 0.402574 0.567708 0.397059 0.567708 0.395221 0.565104 0.393382 0.565104 0.391544 0.5625 0.386029 0.5625 0.384191 0.559896 0.380515 0.559896 0.378676 0.557292 0.378676 0.552083 0.380515 0.549479 0.380515 0.546875 0.382353 0.544271 0.382353 0.539062 0.384191 0.536458 0.384191 0.533854 0.386029 0.53125 0.387868 0.53125 0.387868 0.502604 0.389706 0.5 0.389706 0.489583 0.391544 0.486979 0.391544 0.484375 0.393382 0.481771 0.393382 0.458333 0.397059 0.453125 0.397059 0.450521 0.404412 0.440104 0.404412 0.427083 0.408088 0.421875 0.408088 0.416667 0.409926 0.414062 0.409926 0.375 0.411765 0.372396 0.411765 0.367188 0.415441 0.361979 0.415441 0.359375 0.417279 0.356771 0.417279 0.354167 0.422794 0.346354 0.422794 0.341146 0.424632 0.338542 0.424632 0.335938 0.426471 0.333333 0.439338 0.333333 0.441176 0.330729 0.443015 0.330729 0.444853 0.328125 0.446691 0.328125 0.448529 0.325521 0.450368 0.325521 0.452206 0.322917 0.452206 0.320312 0.454044 0.317708 0.465074 0.317708 0.46875 0.3125 0.470588 0.3125 0.472426 0.309896 0.477941 0.309896 0.479779 0.307292 0.481618 0.307292 0.483456 0.304688 0.487132 0.304688 0.488971 0.302083 0.501838 0.302083 0.503676 0.299479 0.509191 0.299479 0.512868 0.294271 0.516544 0.294271 0.516544 0.291667 0.518382 0.289062 0.520221 0.289062 0.522059 0.286458 0.525735 0.286458 0.527574 0.283854 0.53125 0.283854 0.533088 0.28125 0.534926 0.28125 0.540441 0.273438 0.545956 0.273438 0.547794 0.270833 0.549632 0.270833 0.551471 0.268229 0.553309 0.268229 0.555147 0.265625 0.556985 0.265625 0.558824 0.263021 0.560662 0.263021 0.5625 0.260417 0.568015 0.260417 0.569853 0.257812 0.577206 0.257812 0.580882 0.252604 0.582721 0.252604 0.584559 0.25 0.584559 0.244792 0.575368 0.244792 0.573529 0.247396 0.569853 0.247396 0.568015 0.25 0.566176 0.25 0.564338 0.252604 0.5625 0.252604 0.560662 0.255208 0.556985 0.255208 0.555147 0.257812 0.551471 0.257812 0.549632 0.260417 0.545956 0.260417 0.544118 0.263021 0.542279 0.263021 0.540441 0.265625 0.538603 0.265625 0.536765 0.268229 0.534926 0.268229 0.53125 0.273438 0.527574 0.273438 0.525735 0.276042 0.523897 0.276042 0.522059 0.278646 0.516544 0.278646 0.514706 0.28125 0.512868 0.28125 0.509191 0.286458 0.505515 0.286458 0.503676 0.289062 0.498162 0.289062 0.496324 0.291667 0.494485 0.291667 0.492647 0.294271 0.479779 0.294271 0.476103 0.299479 0.46875 0.299479 0.466912 0.302083 0.463235 0.302083 0.459559 0.307292 0.452206 0.307292 0.450368 0.309896 0.444853 0.309896 0.443015 0.307292 0.441176 0.307292 0.439338 0.304688 0.4375 0.304688 0.435662 0.302083 0.433824 0.302083 0.431985 0.299479 0.430147 0.299479 0.428309 0.296875 0.428309 0.294271 0.430147 0.291667 0.430147 0.260417 0.428309 0.257812 0.428309 0.255208 0.430147 0.252604 0.430147 0.244792 0.433824 0.239583 0.433824 0.234375 0.435662 0.231771 0.435662 0.21875 0.4375 0.216146 0.4375 0.213542 0.439338 0.210938 0.439338 0.169271 0.441176 0.166667 0.441176 0.158854 0.443015 0.15625 0.443015 0.153646 0.446691 0.148438 0.446691 0.145833 0.448529 0.143229 0.448529 0.140625 0.450368 0.138021 0.450368 0.135417 0.452206 0.132812 0.452206 0.088542 0.454044 0.085938 0.454044 0.065104 0.450368 0.059896 0.450368 0.057292 0.448529 0.054688 0.448529 0.049479 0.452206 0.044271 0.452206 0.039062 0.454044 0.036458 0.454044 0.03125 0.455882 0.028646 0.455882 0.015625 0.457721 0.013021 0.457721 0.007812 0.459559 0.005208 0.459559 0.0
