0 0.965074 0.6875 0.965074 0.695312 0.96875 0.700521 0.96875 0.705729 0.974265 0.713542 0.974265 0.716146 0.979779 0.723958 0.998162 0.723958 0.998162 0.697917 0.977941 0.697917 0.976103 0.695312 0.974265 0.695312 0.96875 0.6875
0 0.856618 0.585938 0.856618 0.59375 0.858456 0.596354 0.860294 0.596354 0.863971 0.601562 0.863971 0.606771 0.865809 0.606771 0.869485 0.611979 0.871324 0.611979 0.875 0.617188 0.876838 0.617188 0.878676 0.619792 0.880515 0.619792 0.882353 0.622396 0.882353 0.625 0.884191 0.627604 0.884191 0.630208 0.887868 0.635417 0.887868 0.638021 0.889706 0.640625 0.889706 0.643229 0.891544 0.645833 0.891544 0.648438 0.893382 0.651042 0.893382 0.653646 0.895221 0.653646 0.898897 0.658854 0.900735 0.658854 0.902574 0.661458 0.904412 0.661458 0.90625 0.664062 0.908088 0.664062 0.911765 0.669271 0.924632 0.669271 0.931985 0.679688 0.933824 0.679688 0.935662 0.682292 0.935662 0.684896 0.9375 0.684896 0.939338 0.6875 0.939338 0.690104 0.944853 0.697917 0.944853 0.700521 0.946691 0.703125 0.946691 0.705729 0.957721 0.721354 0.959559 0.721354 0.961397 0.723958 0.970588 0.723958 0.970588 0.716146 0.957721 0.697917 0.955882 0.697917 0.948529 0.6875 0.948529 0.684896 0.946691 0.682292 0.946691 0.679688 0.944853 0.677083 0.944853 0.674479 0.9375 0.674479 0.930147 0.664062 0.930147 0.661458 0.928309 0.661458 0.917279 0.645833 0.915441 0.645833 0.913603 0.643229 0.911765 0.643229 0.904412 0.632812 0.902574 0.632812 0.895221 0.622396 0.895221 0.604167 0.891544 0.598958 0.891544 0.596354 0.889706 0.59375 0.887868 0.59375 0.886029 0.591146 0.867647 0.591146 0.865809 0.588542 0.863971 0.588542 0.862132 0.585938
0 0.8125 0.541667 0.8125 0.546875 0.814338 0.546875 0.816176 0.549479 0.818015 0.549479 0.819853 0.552083 0.821691 0.552083 0.823529 0.554688 0.825368 0.554688 0.829044 0.559896 0.830882 0.559896 0.832721 0.5625 0.834559 0.5625 0.838235 0.567708 0.840074 0.567708 0.84375 0.572917 0.847426 0.572917 0.847426 0.5625 0.834559 0.544271 0.829044 0.544271 0.827206 0.541667
0 0.733456 0.520833 0.727941 0.528646 0.71875 0.528646 0.716912 0.526042 0.693015 0.526042 0.691176 0.528646 0.685662 0.528646 0.683824 0.526042 0.637868 0.526042 0.637868 0.546875 0.639706 0.546875 0.641544 0.549479 0.643382 0.549479 0.645221 0.552083 0.652574 0.552083 0.654412 0.554688 0.659926 0.554688 0.661765 0.552083 0.676471 0.552083 0.678309 0.554688 0.680147 0.554688 0.681985 0.557292 0.700368 0.557292 0.702206 0.554688 0.704044 0.554688 0.705882 0.552083 0.722426 0.552083 0.724265 0.549479 0.729779 0.549479 0.731618 0.552083 0.744485 0.552083 0.748162 0.546875 0.748162 0.544271 0.75 0.541667 0.762868 0.541667 0.762868 0.53125 0.761029 0.53125 0.759191 0.528646 0.757353 0.528646 0.755515 0.526042 0.751838 0.526042 0.75 0.523438 0.742647 0.523438 0.740809 0.520833
0 0.505515 0.486979 0.503676 0.489583 0.501838 0.489583 0.5 0.492188 0.496324 0.492188 0.490809 0.5 0.488971 0.5 0.487132 0.502604 0.483456 0.502604 0.479779 0.507812 0.441176 0.507812 0.439338 0.510417 0.433824 0.510417 0.424632 0.497396 0.413603 0.497396 0.411765 0.5 0.40625 0.5 0.404412 0.502604 0.402574 0.502604 0.400735 0.505208 0.395221 0.505208 0.393382 0.507812 0.391544 0.507812 0.391544 0.510417 0.389706 0.513021 0.389706 0.523438 0.391544 0.526042 0.393382 0.526042 0.395221 0.528646 0.402574 0.528646 0.404412 0.526042 0.409926 0.526042 0.411765 0.523438 0.417279 0.523438 0.419118 0.526042 0.420956 0.526042 0.422794 0.528646 0.433824 0.528646 0.435662 0.53125 0.439338 0.53125 0.441176 0.533854 0.443015 0.533854 0.444853 0.536458 0.448529 0.536458 0.450368 0.539062 0.455882 0.539062 0.457721 0.536458 0.461397 0.536458 0.463235 0.533854 0.466912 0.533854 0.46875 0.53125 0.46875 0.528646 0.470588 0.526042 0.474265 0.526042 0.476103 0.528646 0.481618 0.528646 0.483456 0.53125 0.490809 0.53125 0.5 0.518229 0.507353 0.518229 0.509191 0.515625 0.512868 0.515625 0.514706 0.513021 0.523897 0.513021 0.525735 0.515625 0.53125 0.515625 0.533088 0.518229 0.542279 0.518229 0.544118 0.515625 0.545956 0.518229 0.555147 0.518229 0.558824 0.523438 0.5625 0.523438 0.564338 0.526042 0.573529 0.526042 0.575368 0.528646 0.580882 0.528646 0.582721 0.53125 0.584559 0.53125 0.586397 0.533854 0.591912 0.533854 0.59375 0.536458 0.597426 0.536458 0.599265 0.539062 0.612132 0.539062 0.612132 0.528646 0.610294 0.526042 0.608456 0.526042 0.606618 0.523438 0.604779 0.523438 0.602941 0.520833 0.601103 0.520833 0.599265 0.518229 0.597426 0.518229 0.59375 0.513021 0.591912 0.513021 0.590074 0.510417 0.588235 0.510417 0.586397 0.507812 0.584559 0.507812 0.582721 0.505208 0.579044 0.505208 0.577206 0.502604 0.575368 0.502604 0.571691 0.497396 0.569853 0.497396 0.568015 0.494792 0.545956 0.494792 0.544118 0.497396 0.540441 0.497396 0.538603 0.5 0.534926 0.494792 0.533088 0.494792 0.53125 0.492188 0.516544 0.492188 0.512868 0.486979
0 0.246324 0.476562 0.244485 0.479167 0.244485 0.484375 0.246324 0.486979 0.246324 0.489583 0.25 0.494792 0.255515 0.494792 0.262868 0.505208 0.262868 0.507812 0.268382 0.515625 0.268382 0.518229 0.270221 0.520833 0.273897 0.520833 0.275735 0.523438 0.277574 0.523438 0.28125 0.528646 0.292279 0.528646 0.295956 0.533854 0.297794 0.533854 0.299632 0.536458 0.301471 0.536458 0.3125 0.552083 0.314338 0.552083 0.318015 0.557292 0.319853 0.557292 0.323529 0.5625 0.325368 0.5625 0.327206 0.565104 0.329044 0.565104 0.330882 0.567708 0.349265 0.567708 0.356618 0.557292 0.356618 0.554688 0.363971 0.544271 0.365809 0.544271 0.365809 0.541667 0.367647 0.539062 0.367647 0.536458 0.369485 0.533854 0.371324 0.533854 0.371324 0.523438 0.369485 0.523438 0.367647 0.520833 0.367647 0.518229 0.365809 0.518229 0.363971 0.515625 0.354779 0.515625 0.351103 0.520833 0.351103 0.523438 0.347426 0.528646 0.345588 0.528646 0.341912 0.533854 0.338235 0.528646 0.325368 0.528646 0.323529 0.526042 0.321691 0.526042 0.319853 0.523438 0.310662 0.523438 0.306985 0.518229 0.305147 0.518229 0.299632 0.510417 0.297794 0.510417 0.292279 0.502604 0.290441 0.502604 0.286765 0.497396 0.284926 0.497396 0.279412 0.489583 0.277574 0.489583 0.275735 0.486979 0.273897 0.486979 0.272059 0.484375 0.272059 0.481771 0.270221 0.479167 0.261029 0.479167 0.259191 0.476562
0 0.209559 0.414062 0.209559 0.421875 0.211397 0.424479 0.211397 0.427083 0.213235 0.429688 0.213235 0.432292 0.215074 0.434896 0.215074 0.4375 0.216912 0.440104 0.216912 0.442708 0.222426 0.450521 0.224265 0.450521 0.227941 0.455729 0.229779 0.455729 0.233456 0.460938 0.233456 0.463542 0.235294 0.463542 0.237132 0.466146 0.240809 0.466146 0.240809 0.445312 0.237132 0.440104 0.237132 0.434896 0.235294 0.432292 0.235294 0.429688 0.233456 0.427083 0.233456 0.416667 0.220588 0.416667 0.21875 0.414062
0 0.15625 0.380208 0.15625 0.393229 0.158088 0.395833 0.158088 0.401042 0.159926 0.403646 0.159926 0.408854 0.161765 0.408854 0.176471 0.429688 0.176471 0.432292 0.183824 0.432292 0.185662 0.434896 0.1875 0.434896 0.189338 0.4375 0.191176 0.4375 0.193015 0.440104 0.198529 0.440104 0.202206 0.445312 0.205882 0.445312 0.205882 0.4375 0.204044 0.434896 0.202206 0.434896 0.196691 0.427083 0.194853 0.427083 0.193015 0.424479 0.193015 0.411458 0.191176 0.408854 0.191176 0.40625 0.185662 0.398438 0.183824 0.398438 0.181985 0.395833 0.180147 0.395833 0.176471 0.390625 0.174632 0.390625 0.172794 0.388021 0.170956 0.388021 0.167279 0.382812 0.165441 0.382812 0.163603 0.380208
0 0.084559 0.260417 0.079044 0.268229 0.079044 0.286458 0.080882 0.286458 0.084559 0.291667 0.086397 0.291667 0.088235 0.294271 0.097426 0.294271 0.101103 0.299479 0.102941 0.299479 0.108456 0.307292 0.110294 0.307292 0.113971 0.3125 0.115809 0.3125 0.119485 0.317708 0.121324 0.317708 0.137868 0.341146 0.137868 0.34375 0.141544 0.348958 0.143382 0.348958 0.148897 0.356771 0.150735 0.356771 0.152574 0.359375 0.152574 0.361979 0.154412 0.364583 0.15625 0.364583 0.158088 0.367188 0.158088 0.369792 0.161765 0.369792 0.163603 0.367188 0.163603 0.346354 0.161765 0.34375 0.161765 0.341146 0.159926 0.338542 0.159926 0.335938 0.15625 0.330729 0.15625 0.328125 0.154412 0.328125 0.152574 0.325521 0.152574 0.322917 0.145221 0.3125 0.145221 0.309896 0.134191 0.294271 0.132353 0.294271 0.128676 0.289062 0.126838 0.289062 0.123162 0.283854 0.110294 0.283854 0.108456 0.28125 0.106618 0.28125 0.099265 0.270833 0.099265 0.268229 0.09375 0.260417
0 0.016544 0.260417 0.014706 0.263021 0.014706 0.273438 0.016544 0.276042 0.016544 0.278646 0.018382 0.28125 0.018382 0.283854 0.020221 0.286458 0.022059 0.286458 0.023897 0.289062 0.025735 0.289062 0.027574 0.291667 0.029412 0.291667 0.033088 0.296875 0.036765 0.296875 0.038603 0.299479 0.051471 0.299479 0.055147 0.294271 0.0625 0.294271 0.064338 0.291667 0.066176 0.291667 0.068015 0.289062 0.069853 0.289062 0.071691 0.286458 0.073529 0.286458 0.073529 0.276042 0.071691 0.273438 0.071691 0.270833 0.066176 0.270833 0.064338 0.273438 0.060662 0.273438 0.058824 0.270833 0.055147 0.270833 0.053309 0.268229 0.051471 0.268229 0.049632 0.265625 0.044118 0.265625 0.042279 0.263021 0.029412 0.263021 0.027574 0.260417
